16384
8192
9111
12575
11370
5773
14048
5763
11181
11301
11954
1564
11237
8206
2885
3904
14232
13998
835
10812
12639
5325
7040
2632
6828
12920
15653
9790
12606
3673
1689
15105
15571
14625
14989
9303
7292
5098
736
3800
12124
11425
8111
5933
12295
3965
98
9193
11010
10261
8631
12202
6867
10640
7913
7383
11484
5808
3822
6239
128
2270
1567
2364
1993
2465
8842
7291
12861
6468
14123
10457
6451
7113
10158
6266
9533
11387
11644
2048
14644
3056
7231
1621
3528
5747
12192
311
7945
13166
15425
14569
12347
3457
12048
804
8159
5681
11990
5557
16108
13157
2816
3706
12272
7868
6081
9191
4521
13357
4246
7180
747
458
12036
5157
8076
14146
5347
10501
302
11121
10846
3750
4590
4953
8176
10489
11444
4006
7570
694
12653
3674
3305
3463
5979
14426
14149
2870
2587
15270
378
4913
2383
7368
2879
13165
4008
13644
3560
5253
15550
12995
15394
4884
8917
8654
638
10502
1444
5927
13702
801
6434
3610
2315
15020
5759
660
6431
14715
11537
12483
2156
15771
14023
12174
807
5594
2522
9623
15609
9655
6333
14717
14795
10820
9121
11978
10826
6891
1784
9424
4033
8056
3820
6009
10838
12922
11301
11076
10127
2854
8171
9277
680
15389
2670
5103
11063
14142
12888
7209
5261
15352
12241
14176
210
15046
2031
3142
14485
12768
2763
4037
6464
11860
201
5433
7341
208
13542
3421
8673
9430
12365
15237
12856
7026
6090
9910
9687
816
16264
11828
1236
10380
12499
8077
15035
11997
2693
3783
1438
5902
5011
360
5795
11063
3791
2877
13388
13333
3800
11700
13228
4134
2205
9266
16171
2486
2155
992
477
4122
5426
6648
9649
11444
3022
5489
8905
458
15686
9392
9424
15205
4054
1936
14830
10871
15849
849
5475
2728
4340
11308
10498
12165
13987
14783
15188
9650
6642
5896
4904
497
11140
13327
5044
4956
3094
16116
13691
118
6088
4701
8967
8724
212
15911
4201
10431
14057
5397
12389
12972
15108
10875
8330
16242
6216
12056
16263
7052
13171
11712
15743
10189
9468
16290
6266
13430
2936
11917
12893
910
15675
15459
6190
5802
9787
16265
9203
12567
10437
7872
5878
6700
3807
15055
9606
6386
11744
8315
7328
8531
11297
15279
14466
12510
16045
38
8595
520
12717
11630
8963
2550
8736
1982
14226
4823
12143
10076
15464
11916
768
9811
919
11259
15710
5251
1444
10619
12036
9256
13666
8911
5953
15817
8587
14655
14829
354
6737
157
6908
9609
6939
15583
6214
1031
1173
13180
1040
13129
13749
393
4218
7127
12057
3149
7978
16347
4344
4651
13446
5648
4095
11684
7386
11260
3070
12810
1122
5114
7237
6702
3803
227
12333
1429
2865
405
5426
740
14400
9951
648
8635
8117
10249
1210
1811
11714
14551
12466
15506
7447
5518
6606
11259
3465
11774
9756
6764
15398
12843
1422
2515
2344
8838
3632
12401
6250
13450
9376
15635
9600
5518
15459
2357
5997
5209
153
2492
7593
4567
799
12613
6598
565
8076
5838
2398
14105
9772
1084
10326
6586
1358
7927
3500
1937
3040
6030
9936
306
10429
12490
5275
6445
8400
15656
106
15231
12434
14360
14757
13552
367
15778
11918
11742
7740
10665
10466
10575
9825
14976
46
14604
12612
6152
3522
4195
9152
8542
15036
7116
14518
6082
6064
7786
4783
9817
7935
6067
3209
3479
8529
15428
10774
623
11691
7243
11175
13688
12547
4312
8569
4550
3807
10850
6070
13007
108
1137
13140
11264
843
2301
8884
11123
7667
4916
8039
6703
4551
507
12304
9559
8198
3091
7625
13953
3677
11926
4974
2639
2924
5715
656
10002
9514
11566
4706
6530
15401
5090
12970
9504
11940
8572
15285
12859
9812
3058
8240
10752
11558
249
37
5426
13045
4094
1657
14007
10832
1189
6528
7102
6968
7705
1683
3496
9100
11121
5377
10166
13124
10677
15913
4357
5339
9370
13392
9811
15048
5143
16018
3249
3979
12648
2023
15400
897
7213
15088
1502
13562
13828
10400
2422
13312
1096
2306
4775
9342
15445
7601
3175
4569
7765
13549
15535
11740
1699
15644
15847
14778
16355
2840
4569
9519
1932
10447
13372
1332
14169
10522
750
7426
13969
2325
407
3895
12801
1311
10062
15430
1174
16372
4925
2200
11772
15236
14175
697
6033
6990
1082
8590
8688
11958
11640
7160
7468
3940
3997
8103
274
4547
4804
11479
2501
8047
6718
1927
13060
8901
5626
15999
15085
15780
13811
4003
8859
1788
10004
2449
4427
14448
11622
15816
10753
836
12134
4295
6435
6528
6226
15407
2218
3237
4601
1496
12442
12883
1308
10344
8778
8156
14425
9460
9876
4032
10294
3950
16381
5457
10409
13369
11118
11736
13135
13433
12674
14940
1076
8486
505
2676
10201
4106
2339
9397
9594
8862
3624
985
12491
11068
3944
2121
951
13712
531
15628
4448
10538
15276
10076
181
764
6383
952
5317
2732
15574
12216
283
14192
5290
15910
4516
5423
1952
2753
16017
10247
15554
12468
6249
2837
8117
3502
12199
1306
15376
39
13300
12379
1913
2444
11262
15148
2604
8470
12733
5888
8415
4767
4560
4245
4097
11312
3410
8638
3126
599
4030
1942
15671
4027
4948
13412
9619
1300
11573
15779
2263
1272
3305
8351
15767
13208
3433
11301
9933
2416
15224
2737
9673
9988
443
16054
6863
2869
3995
1109
11005
16370
5241
16364
12265
7159
8971
16115
9451
5260
2869
3441
197
10313
12660
11097
8927
4570
5200
16036
6175
15642
5689
9592
5040
2430
2371
13517
860
10483
9384
1957
3558
9243
4989
5660
11253
5045
11173
11138
6432
13787
9164
629
1640
4765
8988
11464
1122
2523
199
7295
9298
11095
11420
11010
7842
6887
1987
4085
13193
5859
5252
14334
11217
4988
13551
4633
15265
13833
12896
7477
12089
6318
1760
777
11336
9
11343
12304
8563
11694
12397
11008
5521
14486
13683
8098
2567
9078
3078
13179
12535
15889
2453
10196
10439
2956
14170
307
2175
9694
12220
14470
15374
8545
13383
4678
6769
1019
608
6805
2435
3756
388
12814
232
1017
13362
9318
10139
1323
10263
3265
1761
12799
11930
11625
15550
706
4439
8681
9288
8488
4861
7287
4236
10475
10381
11888
8610
13523
1137
148
3395
5816
427
596
15938
13496
13099
13244
8597
2450
7324
15351
7980
6315
12924
3426
4059
14219
7932
5400
11998
4598
1066
13248
15438
15422
2144
927
4802
12501
13507
14705
15180
3374
6470
4651
10449
9024
12695
5807
6565
21
15876
1894
6889
5730
3567
13950
16196
5976
5780
16216
10030
5949
6248
13019
9165
11563
3753
11619
8692
11924
3273
4644
11282
5012
9418
13525
11651
9739
5764
10753
5369
5901
7653
8949
12930
15993
8307
12246
5647
14140
4550
683
2774
16047
13140
15553
12074
13800
2977
4045
13222
13018
15013
14278
10815
4093
8418
11861
5960
2665
2351
7804
5733
9415
15504
8790
12573
293
5890
9704
5576
2258
4227
15319
10189
6538
1413
9606
2200
14480
10169
3759
12724
13572
15404
4761
13013
1122
726
10949
12067
14626
10626
3598
402
7904
10561
11109
11419
7507
8624
5655
8633
5088
2205
8414
3099
13543
2760
13328
6597
14862
9764
1221
7
733
10160
14924
14078
619
4249
8852
16005
11733
10862
12164
7388
223
11180
7638
14995
3132
7367
15362
10893
2650
14077
12648
5926
1905
14810
4437
14109
12473
6593
6848
15210
9427
15902
11865
7046
7439
2202
11706
5659
14685
496
8955
13471
12593
10222
7466
4717
11934
7847
8638
3594
5725
14075
725
6612
8443
6156
224
12295
2513
11208
15413
5614
2224
14878
10005
5131
10686
14845
1090
6331
1172
4815
9214
1773
8784
3402
14107
9956
8502
12337
3065
12218
9022
92
8270
13973
9555
12467
10719
2190
7379
11157
12473
8682
11024
4111
10228
93
5522
6468
1881
15167
7468
2347
12215
1330
7665
14398
11945
4861
8721
10725
11308
16250
9486
10902
2446
16078
5295
6630
14997
10338
2201
2222
6650
7822
270
9206
15762
16137
953
1406
12258
6432
3170
2926
13484
6597
15161
980
14077
15186
10906
6215
15700
11975
2401
1324
9561
11392
11249
9494
6106
15109
3593
11052
12474
4624
10062
9703
8752
16172
15448
9417
1331
14223
12453
4936
866
9574
12701
3969
460
3481
8309
9973
8696
2937
9671
12621
14727
12847
10327
628
9216
10200
12606
7791
9221
7844
3110
11464
4718
5702
11172
5456
3421
6090
15298
4502
11883
15200
15676
2058
3772
3170
367
3435
14102
15465
16066
8636
2960
3274
12841
4050
14305
13855
13545
14473
3829
14300
2951
6672
14164
13725
15139
15640
8779
13444
572
1991
2198
13929
15694
944
12221
6935
9170
5118
11910
11050
10164
11857
8822
4535
12239
4530
11399
12398
5780
108
15733
1884
6860
3877
3289
3252
7047
7143
9290
3331
3876
6180
10483
12396
15713
5183
1116
1460
2465
6919
5487
99
4080
9341
12260
11995
998
2434
5820
6276
11871
9715
11247
6011
11796
13847
1777
3085
1947
10478
15891
2189
10057
13574
9658
12725
11826
4639
13420
4440
3129
14703
7913
6967
272
226
13109
3677
8926
7351
13170
15996
14661
8280
16273
2598
3320
9061
6120
10447
5411
2713
5070
11787
11090
2891
11910
5224
15122
213
10085
8545
1797
1561
2043
2156
9349
6669
7682
1214
8391
16376
10437
2313
11646
6936
13593
6639
4998
8119
3378
9891
11268
16380
14124
3239
4462
6836
5535
9459
11025
15268
11879
4272
4831
9123
5455
4751
877
1646
12892
6728
5379
5183
6649
13891
8976
14172
4435
5766
4057
10438
15709
90
9429
15221
16087
5190
9482
4574
6524
12816
2640
2569
6946
15470
7775
1327
15155
34
3053
10101
13055
12032
5923
14948
9569
13787
8489
14153
11541
5202
5572
11966
5905
11636
7149
12567
4886
14446
811
5706
2127
9398
10734
4685
902
14934
3053
11005
13456
415
10574
11473
7665
1497
4185
4856
5611
15863
1329
13229
4331
15726
13786
8473
16265
9464
7728
8175
365
11355
13534
306
6360
9272
1179
14649
1703
5375
16166
4224
6309
10778
6092
572
5092
3536
14911
14805
13208
13793
2524
11200
9730
13331
12370
13941
12068
10173
9611
9759
6634
5798
1583
14805
13826
7862
6419
8017
11906
7157
6132
15954
2478
5952
5295
10830
15611
4805
14344
16020
4855
14512
11827
11496
12635
5587
12500
4818
7338
8477
4360
11414
6425
13040
11475
1314
7435
5512
11452
14045
14375
15700
3658
12865
13027
9134
10227
14447
5240
897
773
8446
12924
16320
12362
11945
737
1658
3258
12080
3975
3394
4035
5693
12591
146
2383
4577
4438
1204
2086
13953
1120
16011
2698
3732
5606
13102
9347
2289
3430
9125
10030
9319
5115
2266
5801
1249
2754
11135
7748
1441
12954
6491
1617
16373
2971
732
12947
13064
2126
2770
9782
4157
15378
9491
4789
16096
10147
15699
8169
3474
2332
15580
3865
8387
13726
13165
1975
11875
11533
5644
14481
243
10658
3027
504
12437
6248
5887
4170
12514
9016
15407
9896
6266
7103
1100
9252
9164
11201
15049
1995
9520
12393
585
5680
13410
9105
12585
5221
4218
11474
9026
2013
59
14547
16004
13680
4781
13024
7702
10164
12200
2354
7937
15099
10095
6932
5466
11422
8251
4499
14174
10359
9401
650
6367
14210
2493
3784
14798
129
316
11151
4795
10072
9872
15935
2773
2569
13066
11972
15336
13649
8331
3033
15456
5119
719
484
6634
4127
7822
15661
7906
10774
633
2662
11073
10793
11880
602
1855
14803
453
14444
7569
13180
2891
12439
12665
15260
10748
12298
6915
1425
2335
8654
7352
1952
12059
9626
13368
12328
995
8077
7124
2633
10695
4737
3861
10525
13532
5517
1406
7464
14667
7770
2987
3364
3686
7781
13619
7766
11522
6234
1333
8629
4431
12748
10938
2836
11973
10692
11264
2161
7457
8535
15156
10724
189
13629
16152
3530
5401
8649
3425
7395
2809
14755
1559
8967
4724
3352
2793
932
6493
5333
824
5007
3576
15796
8393
228
5448
6596
15931
2779
15940
15029
3586
15730
1954
12388
8550
12539
13254
8563
13212
537
3726
13192
5910
4020
5582
14260
13371
6841
6404
8328
6428
7058
10620
6795
3182
14488
15399
16187
5520
2482
6308
4954
11380
15589
15473
7271
502
10653
10592
12636
12466
10875
14632
709
3143
12545
11693
13579
304
10916
8882
9744
6027
11317
12461
8701
80
1632
12540
10104
7524
8299
939
3062
10579
5162
7358
6744
3868
4019
11628
1364
9360
15444
9246
11700
12167
2348
15497
13199
13468
8439
14174
11422
201
3404
16066
10674
258
5978
12604
10814
4730
12136
9457
5422
1051
11979
15644
12389
7503
6776
7496
1027
15084
12951
4184
12379
4068
12824
5335
3735
9339
8415
11283
12576
3916
13493
11533
3993
15109
4254
657
5363
2607
8419
9531
10128
8793
2605
15474
3372
10804
9900
6529
5481
13163
14906
11421
11800
2447
8586
2024
2051
7741
12029
7384
2875
3089
8378
7656
7575
355
3365
4503
5455
9531
13178
13391
13633
13863
8060
11783
12901
4776
723
369
16276
5723
2453
15262
1772
12116
6923
603
1185
2287
11307
9871
1576
3005
1643
49
15198
6444
3586
2679
15696
15046
8873
9503
1084
7348
15301
11623
5463
12084
469
6797
3796
3356
9425
5739
3881
4251
15797
10427
6661
14045
1454
3677
14672
308
8860
10325
8273
1299
8923
253
12958
6618
14315
1460
12473
13320
2351
9044
7637
2673
10305
5129
12163
5201
4122
1462
16232
5889
5147
3452
15282
68
12264
9021
1857
12051
16171
3974
13629
10847
7806
4510
8902
5742
9338
10709
12555
14932
2581
12818
2024
15371
875
1296
14591
9431
12529
3852
14463
2272
12060
8616
5306
15410
13666
15977
8044
16020
6663
3439
4559
7449
5404
9908
11822
7803
3039
7714
15935
4665
2320
8263
1735
5208
14588
4041
5618
12029
15775
1236
7208
1426
3312
6468
9736
1722
10348
6442
2853
7555
8575
5743
6065
13403
9910
15294
975
10639
13437
7314
4901
14425
8901
3441
10138
16196
961
15216
4834
5759
1853
1544
7293
4876
5493
10203
6461
11258
10749
13503
1823
14417
4543
4128
14418
2186
15253
12521
9442
8493
2684
4568
9647
12413
15782
844
7738
12871
8504
14633
8093
11098
8164
5290
2466
1883
7964
1202
11416
10772
13869
883
1686
8976
1698
10953
8828
10756
5152
11976
111
8820
4680
13996
607
1757
4048
3943
5244
8832
2271
1801
15993
9849
4524
11527
6450
2180
10109
6435
4690
9544
11961
5237
2232
2357
15624
9075
12322
2669
9591
10839
6016
10207
7843
15892
8088
6971
2563
6412
2916
11851
2301
8480
7611
4345
7136
14612
11368
13585
15221
8390
9039
2160
5035
2207
13135
10984
3491
6967
8416
5199
15259
10802
6273
9563
16154
9094
7049
10219
11682
3851
9986
13
5457
8689
13182
1760
15391
11643
6158
13503
12364
7184
16308
15327
799
4586
13239
9458
16142
13844
6517
6051
11174
6723
2534
6516
10819
6941
11828
9307
16176
2615
7332
5272
5565
2223
13882
8256
14198
8039
5181
8310
6309
9186
10816
16053
15252
13802
1186
13483
9601
4654
4071
5115
10114
14771
13271
10181
12176
15404
7532
8049
12711
2277
5870
14917
14625
1297
11756
12490
8758
2961
6749
5360
8172
5176
7741
3076
3480
2680
10871
10495
3730
304
8853
1263
3735
10893
9674
7823
16075
11636
14396
10638
2041
15896
14137
7569
15129
4840
14562
15832
14722
8370
3727
15139
635
8737
16377
768
1023
1315
5806
2959
5005
7850
6687
8014
3170
10369
12629
12847
3626
9752
7770
5039
2878
6752
6375
8904
5054
6296
2426
14546
6002
10037
9262
12915
4686
14736
10668
15733
5704
13713
10502
15423
7985
8539
6044
46
13531
5282
1980
8949
9767
1380
13091
4640
4522
4550
7352
13211
12676
4186
6781
3216
5469
12218
7015
4981
8059
1307
13328
15084
9489
9645
14236
13429
12997
12540
3142
3525
3067
2148
16072
10849
6824
7288
7821
12999
1910
3318
2467
13215
5550
10492
9446
5190
11754
9211
4314
16328
13507
5830
15769
6803
10810
15387
4705
948
16314
2765
4872
7806
3313
295
6201
13887
14237
1165
3630
4210
10283
10798
5221
13022
10827
1719
6828
3069
194
6722
11248
2814
12260
3543
5279
8122
13242
15251
14977
9160
10287
8879
3958
7363
12705
15081
4874
8682
11494
11736
739
2813
14434
14578
10024
2188
12135
15504
15159
16194
7325
12966
10007
11930
1999
3513
2705
11521
13158
266
16233
2146
15191
4116
9249
10849
13804
12792
4177
15078
14912
12933
1753
2716
9067
6166
11597
14902
4474
779
3862
10636
5555
6278
12310
8408
15468
6930
3776
5766
13276
7076
13549
15084
13498
6065
14569
12655
15143
6093
4773
5256
7655
12758
1190
16260
9865
13197
12057
4949
12383
3573
14203
6675
7950
3735
11320
14716
10255
12179
1562
2658
8453
4251
7631
7544
8135
14555
12675
6490
10325
6692
13961
3572
6802
2959
13394
11438
8088
1177
7451
12430
6460
3441
15659
6483
3009
16062
12536
5823
5222
1863
12873
4912
6940
681
13872
14172
1195
2598
8304
14467
3802
11650
12447
10737
5473
254
111
6833
1540
1648
8214
2474
14722
11983
13971
1381
724
4824
12159
4912
6472
4457
8114
5497
3629
376
3500
2717
7372
12917
12219
1524
5845
1052
3060
1615
9704
15655
10250
14875
2580
5570
4930
8809
13441
2333
3874
10798
14306
7725
4472
14379
3892
15528
13737
13066
3967
13160
14071
6947
5919
11225
16329
10796
9271
1828
1475
6760
2458
2331
6039
4278
717
441
11425
6212
13596
5228
3203
11336
15044
5145
8838
12284
13868
1240
7923
354
6655
9065
5296
12767
14289
8324
4585
7134
5565
1491
7606
9450
4126
8526
5365
9388
323
10686
3669
11728
4857
4699
15213
15948
4188
7805
11555
3746
7652
8088
8926
9137
11845
5970
9392
10781
5020
3955
10027
6977
6332
586
16160
5286
7651
7211
8604
1185
5167
2955
16326
4812
7168
7099
6393
7451
5451
3953
14566
7602
10567
12521
2902
5611
9390
232
15254
10982
9424
1354
7432
1877
15065
8331
962
6238
805
6649
5100
4016
2315
3684
3886
1491
2702
2015
734
10310
4702
5703
3556
16062
9044
15568
4792
1299
9028
8935
9359
11613
1771
16048
6136
2256
4381
11338
5685
14354
9341
8233
11744
7580
1387
16088
15736
14372
13179
10095
5242
9812
5857
2880
11229
12906
8049
12444
11020
14138
8699
1511
7966
12453
2184
2903
78
9292
614
14096
7769
3197
14257
10435
14145
15856
164
5254
14316
3902
11318
8888
3502
11124
5850
2442
12551
12711
9324
4003
11587
9583
2647
2774
11818
6150
11209
6526
1997
849
7203
6169
12333
4980
13567
13136
2671
13682
7389
8091
2662
2007
8524
13202
4101
7498
8754
3516
1957
3034
4129
3844
9840
11966
3966
13275
11489
6952
11563
11279
1229
12004
4427
4802
12191
7226
3487
12375
1989
608
6151
12708
9891
15155
10492
5011
168
6795
2063
12102
2923
11677
13104
1538
9422
5352
299
9730
2665
14220
7660
9640
6430
10249
7232
431
13504
11752
8119
7534
7366
997
4117
6488
384
12713
778
8021
1194
1481
14214
7431
12142
12854
727
1364
15491
10866
10356
273
13223
391
1385
9188
245
1823
6516
13807
2946
2966
8258
6036
12736
10128
6022
3809
14620
7010
13709
5067
5145
6505
8224
9326
8787
16138
3694
13123
12830
9422
11520
13211
14735
9213
8683
5100
16241
10257
6340
1998
14493
7283
15535
4087
806
10432
3614
15208
15610
12382
4269
9768
1169
3008
959
14051
11306
6381
11035
3740
12195
14758
2568
174
6577
2152
9418
14756
4878
70
6911
6271
9994
3424
9143
14979
11570
461
10363
2159
9450
805
5432
3059
7274
2128
12985
12399
7212
10854
7252
5070
6320
5073
1835
6938
2517
7867
11949
9449
8317
7958
14872
11532
11656
13688
6809
10089
3088
13948
4560
4912
3612
9934
8184
3949
13081
15728
14009
2245
1418
7917
8248
67
7736
9917
13291
8303
16075
6371
10253
6717
5951
6514
9153
7154
5787
6986
11547
1389
6280
128
10162
5144
2685
16083
1422
11786
3921
600
15908
7297
11200
14079
4780
1067
14531
7803
4567
5869
121
15523
5368
1390
5410
611
13892
12426
8653
11572
11423
2737
5736
14067
10942
3460
8627
15757
11637
16230
3568
14008
11494
1857
11511
4839
15802
4107
7191
1229
13081
11031
11111
11130
16040
4273
1893
15839
4570
1787
9790
1644
10456
3035
4495
3396
5766
11977
8452
2008
6571
1866
10692
4755
16022
8089
7035
7989
11197
3647
5244
4891
15458
1523
5519
14072
5689
7867
5506
6630
13502
12912
7847
14861
2801
12440
9261
14190
4663
3575
6589
14634
8657
5171
1007
1309
15867
9578
14784
6448
4188
2451
4817
9054
13713
2221
5123
14111
295
6174
14067
1175
8217
2073
13272
9341
10053
14886
5400
1705
10086
5925
4331
16338
8397
4245
9914
4766
14583
3179
7147
5418
14294
10813
5607
2833
11498
2583
7513
7710
10947
15554
900
292
7891
7539
8186
12284
12361
13965
3261
3748
3927
5395
8281
12500
6085
2632
12922
7302
585
15815
5455
4365
8707
9440
262
8561
13236
9786
16350
4937
6740
8600
751
11063
5307
1796
9877
13227
4954
6813
9889
7495
14145
411
11986
7814
9786
6786
9364
8346
1467
8695
11730
5673
13795
5840
2919
10955
15735
10641
13649
10954
13629
10197
5913
6494
2849
4364
1660
3826
14254
9479
8214
5666
2515
9596
5982
14934
9045
7239
15313
1040
10836
7937
4519
3896
11048
13263
12906
3514
2347
2085
1348
13596
10928
10783
3389
3582
15353
902
114
6789
15577
654
7919
2717
9351
8844
9837
16193
11092
14093
14584
5704
14689
14879
12487
8377
16305
13243
5935
12558
6190
12188
10956
5202
6878
383
15295
14143
148
12675
3393
2385
4666
10844
4992
14538
5208
9726
10259
7332
1303
6523
14652
8558
2606
13042
13559
6967
6707
11365
8635
5396
1822
9376
408
8056
2174
11926
14269
3549
12178
3275
1295
685
12870
9914
1775
8451
9952
10457
8561
2485
5326
3859
7362
3576
9768
13568
11155
8236
9009
3985
14858
2532
3447
6235
9743
8499
4519
7787
1913
16253
13041
9988
4138
3093
9129
16141
10548
6902
2910
4119
14991
1618
9551
4560
13069
9495
3436
7329
14891
14346
6462
302
8336
7706
8379
2049
2976
13109
7798
5671
13358
13246
12153
10832
14073
13051
13154
10774
16383
4120
4724
14774
15000
8361
7953
10317
6556
8422
10638
16340
13491
14033
13497
4040
6821
2638
10133
10696
4020
5047
97
6442
7931
12255
8932
1481
2135
8879
4195
11508
5074
2595
8619
4878
7547
4232
6926
6434
7989
10126
2323
4032
10100
4635
5446
5437
5622
6958
11096
9157
7515
272
13621
4242
9645
15907
10262
12164
5430
6697
8954
6395
10857
4373
8938
13100
8098
513
5927
12938
12621
7473
8859
15584
4013
4047
11700
3836
12791
15667
9903
5202
8554
166
6048
2322
9319
10221
1754
8497
12734
2928
6932
15994
78
9559
645
6598
10393
15415
9174
5268
14616
3557
14964
14240
4495
15982
3870
16323
3027
2632
13910
5445
8150
10090
640
5679
6925
1440
9207
3032
12567
8884
3564
14088
12789
15419
12019
11186
9000
6772
764
16010
16088
13469
15209
3421
11356
12312
5405
8013
9758
1697
7573
672
14331
8554
8057
12828
8229
1122
6644
13275
2963
2272
956
650
2603
15034
13607
10815
15145
16069
12913
16153
7120
1413
6037
1462
16138
4835
14979
10310
8841
8648
6941
14650
4376
8516
14920
12681
7056
3556
10342
10079
11424
14652
8023
2638
11100
11123
9038
15735
7334
5925
4992
3009
5217
9942
7185
8010
4136
1424
7729
12984
16265
8086
10175
4762
468
6455
7492
9652
6358
15990
14001
4454
4540
2348
2069
6769
12589
560
13681
9068
9657
12469
6602
9902
1523
9373
10648
10042
13610
8502
8583
8442
8005
1620
2684
15556
14989
12505
833
4583
327
7782
9190
6541
3728
2639
11222
12435
3365
573
2690
11876
1341
16244
12518
14183
9092
3153
9876
13279
8671
6061
4632
9329
5593
6807
13894
2872
6756
10836
1420
9720
11119
1738
2013
11970
758
7394
3832
1837
11505
12641
8016
14109
11385
15909
9238
13929
15121
13332
10933
6180
13926
10106
15289
3645
6976
15415
14957
11836
2229
2990
11253
1934
11042
11288
3859
4330
13885
13243
11276
10255
2043
5621
9783
14077
12607
2418
7342
13424
9800
14650
13686
11623
9803
4765
4063
3460
8673
6272
2430
1293
13799
11863
3165
9425
11748
7830
13812
1240
3873
14852
4511
16378
2908
15533
6523
14193
1684
3512
11058
11957
4264
8241
13527
3607
13890
5562
6509
5122
11794
15077
3955
12005
10392
3852
10458
10774
15810
3116
3010
1307
4656
7461
15215
2920
14767
3145
11126
9686
6474
13306
2868
9530
9561
407
12226
12098
6678
13626
3564
4745
10682
15190
10094
14970
8712
6119
12338
7286
10777
2505
5590
12544
11491
2226
8818
14653
15503
403
11497
4567
6805
13416
7659
10035
8070
6963
14033
3553
13104
4966
12008
8591
16061
14767
15824
6483
12441
5483
2047
15604
9876
6052
7533
4156
2540
4716
11023
14442
16070
2865
4638
9091
3877
6595
6516
1017
1097
7450
7558
4362
4334
15523
5435
9664
7148
5310
11942
1776
5096
8911
13077
3002
1845
14478
16078
16323
8213
2053
14474
11391
9593
8061
7652
3106
11421
14942
11127
13636
15061
6213
13621
13226
11820
14807
5734
146
11129
14260
2374
9398
13548
2326
10323
1369
7880
508
5625
9607
725
7011
2106
1876
12270
3116
1764
14298
5899
15150
4282
15788
428
14273
12938
5869
2157
6858
4635
7347
11229
8446
10335
988
1238
660
5763
12946
786
15532
10321
13429
3918
2995
11878
9577
3895
8432
12056
894
16173
7001
1677
15437
16378
15184
2517
14809
8767
12675
5302
10370
479
6841
12370
14390
5050
15665
8840
6179
3711
791
13992
100
754
1858
3639
10325
9195
8043
621
4217
16314
4082
7040
13472
13601
7193
11031
10199
4824
5086
14703
14245
11558
14254
996
13227
11146
8512
1484
2875
5289
14658
10284
13659
9209
9117
11534
1427
8430
15550
6605
16201
7598
12663
6325
3705
8406
2960
14149
1906
8300
6513
33
15721
4918
5186
4443
13505
982
5100
11209
1363
11873
14656
1097
8247
14361
780
12982
12273
10807
12032
9034
15080
6321
10718
15835
13407
7363
4292
5969
11304
14594
15277
4253
7430
10513
10825
10862
9768
15551
174
923
14715
10909
9998
12747
11469
4309
2225
11319
9597
57
7726
13505
12328
14791
11287
8006
2625
10134
9001
1968
15358
9060
13694
1938
13204
3272
5069
11055
6451
10292
453
12506
8222
2690
2080
3680
14344
8019
9077
3288
6478
5010
13385
717
12950
10471
8019
3085
4577
9087
14631
5490
16162
10722
15919
4858
10811
6433
9180
13139
6179
10144
1724
8057
8269
10708
5521
7711
11284
7027
14940
1688
6148
1781
15178
5930
8167
2159
9138
6184
9758
5161
7059
12147
6742
6865
13331
3080
10666
1144
11372
14522
965
14629
15452
8354
1225
15610
8637
11262
14878
2301
657
12005
2852
642
13098
2060
5085
4043
10000
13398
12952
15559
1290
8944
11951
9752
11750
2343
11185
12554
3221
3236
2030
11030
15787
14331
11647
15572
6580
4194
5500
9089
4511
3702
9384
14941
8114
15460
9641
3518
819
3766
14710
11106
11945
2298
12066
69
16095
8140
5773
9550
5560
11415
15398
12823
4597
5206
11599
11819
15852
7651
3373
10726
7916
4708
2967
1134
10800
3599
11928
11924
453
15741
7257
15059
12767
6132
3134
10463
9575
1456
5865
4185
769
4307
9008
8027
16337
5489
7872
13061
3072
3760
592
11990
12460
15711
13988
14800
10339
11871
9285
8973
637
9203
2986
4702
10023
2694
11148
12129
4612
3466
10268
12637
12421
2379
8170
13706
2849
3939
4459
12865
16124
14370
7449
6067
16050
2419
7380
5564
15038
2212
14348
6635
15807
10496
2372
6811
15769
7774
10859
7923
4679
14736
16009
6295
10121
8261
12896
230
13856
13190
745
11020
5205
12127
9404
12111
12428
8528
5004
11811
12117
3376
13920
9452
9716
4037
10184
11332
11691
10997
9258
902
4407
5326
3641
13327
15255
7787
11297
9468
2519
7083
815
10224
12993
15021
11559
12568
15335
14315
2637
10307
10726
7204
13157
15498
3485
2510
14532
3790
6804
35
13811
900
7126
10096
2211
810
1804
2997
1380
13371
4366
4860
12609
14727
15053
645
7206
482
10042
15433
1454
512
7079
13652
11737
9068
7083
7112
8653
5334
14913
6699
840
82
4304
9183
6513
1612
2139
10035
1399
14128
16079
5455
1163
6175
2825
6836
14529
962
3906
12716
327
10051
2224
6773
9564
6279
11575
14920
12575
7529
13660
9346
11363
2106
10391
14415
14831
14702
15796
5908
4272
14371
4937
13521
10273
5710
12097
9980
8409
5936
11031
3465
13902
11199
2237
13517
10223
6156
14682
15449
10148
6437
11210
10865
14234
7452
9030
10175
9449
3613
6399
7129
15143
939
13694
40
2915
6947
6785
9013
7958
8583
2655
2118
15177
9547
7021
13487
3664
15974
1224
14304
1605
5823
6457
5410
13790
4112
4528
9329
7687
11830
15940
4999
3950
1789
1686
10099
8182
7964
2520
15327
2882
11173
10937
8795
5988
791
7464
3638
14049
10302
13704
11428
10859
12363
7796
268
14634
12977
4387
10504
6782
7147
8298
992
15028
11915
12492
4264
3227
7917
7156
10825
3443
15449
7515
8782
13286
1154
1673
13016
12526
8867
4289
14134
10694
10297
9912
10687
4761
7629
14682
28
274
7503
14814
3832
12779
6817
2615
505
9569
8497
11629
13593
11830
5542
11280
3810
13635
6376
16268
9610
2646
2462
995
16083
12319
13872
4912
11739
10400
6445
13459
9808
10389
4809
689
12983
7116
12804
6807
16015
1458
4274
1686
7569
5056
9413
1978
10399
5382
15106
4861
3100
9888
5907
12460
9437
1581
7381
15024
9529
15041
4485
12536
9398
11992
4228
12588
11978
4497
10211
4940
6078
5584
1567
16040
7932
2689
7013
10590
6860
3263
5089
13996
10344
1627
1578
568
10432
1250
14258
13983
13896
14771
9086
5020
13256
16172
11503
8612
3247
16081
12939
14582
6058
11906
15825
8898
7323
8914
12373
7220
7674
3018
981
6690
311
11203
12244
7165
12408
983
9788
12265
13978
13662
16138
14904
15690
2066
3751
4507
883
3638
9432
2355
9567
6930
9916
3513
13979
28
7201
10792
2015
915
4894
10351
4220
9933
6672
3013
1658
14768
13655
994
1852
2427
5171
13980
11389
7869
1476
7403
3583
3857
13278
11539
6964
5197
130
6695
5188
12583
4653
14463
11503
7438
11379
14338
7832
12162
16355
5183
8979
15129
9909
10161
11039
5179
12593
8799
5004
837
8574
12526
12319
13309
13486
6077
14712
14792
5604
62
6120
15458
12609
4867
14811
16335
2334
15549
12944
2497
6776
14459
11342
2587
5041
9850
923
9801
11666
13270
4587
15142
16207
4431
6207
1645
11258
14547
15875
7809
4475
13796
4990
6276
12749
1202
9175
11576
12498
2469
5844
2677
15047
13552
1637
13117
8274
12013
2798
11365
13507
11620
7316
2532
9701
12680
14301
6529
7612
7763
6617
8666
4143
6370
14731
6253
11414
1021
5132
12773
15984
3754
4245
14824
6103
13632
11348
3603
3012
8789
5677
14171
16209
13974
3320
23
3433
8609
8034
6052
16044
8004
4672
655
12661
14630
6700
12605
10383
1361
4357
4065
8760
12748
200
842
432
10725
6158
7943
4486
13540
11265
7783
12408
6266
12946
6665
9013
36
4249
14496
12651
10130
4722
2480
8179
3847
1748
5643
16121
7239
8491
15492
16081
8131
3748
6554
4498
7666
13464
11052
11973
1593
2770
4580
459
7332
10760
2524
2138
327
3660
6249
6364
14119
15604
1884
1129
8808
15062
2098
8101
4053
13486
9484
2076
3310
8640
13192
4408
12645
13302
6669
11135
12673
13906
6581
9962
7119
5573
1052
8869
12129
1863
15651
12925
7278
6279
11130
12396
14206
8050
3542
15309
12804
11752
7950
14441
15263
6710
51
5570
749
12793
16233
8179
10462
12621
1725
9421
12906
5846
13522
8096
2014
8488
15710
13122
9259
15330
11989
3027
5193
13403
1855
2718
1019
15093
9949
13774
14107
8411
9974
4675
3977
14668
11428
12368
7329
15842
6433
14658
2500
1032
12081
3635
3469
211
10301
9874
2096
9813
3739
2099
11566
15607
10764
2277
13302
13172
15680
13442
15659
10256
12255
10315
15572
14640
632
8057
6992
5508
12189
12145
6806
10205
14711
4822
9014
4549
3132
6629
3873
6937
8439
8598
814
544
8032
9077
2553
9357
2311
9675
4768
4190
1196
9413
1885
11462
15320
13467
14404
6286
2381
9852
12747
4051
15500
15962
2316
5827
5901
5908
588
15967
6935
7233
7761
15320
1818
13570
15853
13712
10067
6929
2042
16044
14118
14674
12915
10849
6695
15399
15770
9402
10034
9410
11714
9059
15171
2407
621
13321
4038
10817
12031
6019
7781
10001
9248
207
6092
13488
5554
14993
2569
6241
3900
9577
11486
12446
14196
11246
5119
5605
8194
3208
7655
14750
3088
8154
10700
12128
5007
14872
3084
11847
12851
6578
12888
7279
488
6258
14180
2754
6313
7303
4375
13086
5597
12981
5650
2906
3399
15480
11775
10545
12887
7775
8462
13243
12175
5222
4155
1500
8970
4224
1743
6373
12388
13587
15187
9864
14447
14621
7602
5055
8021
15511
8827
10155
6841
14949
15649
15189
5854
12808
2832
1384
12091
13200
11899
13842
2651
6698
4916
12511
1600
1669
15861
4697
10079
15444
5045
12893
14171
10182
7632
12558
3441
5331
4425
6205
326
3678
3902
251
15300
6597
9717
10665
8776
1567
7512
2719
4003
12176
6161
2760
7167
7184
5529
10540
7914
4943
13299
2788
3234
924
13429
6302
10679
377
2998
15573
8343
2983
13528
14798
7578
11824
10972
2362
6327
1938
16036
15144
12469
5578
6002
3026
8577
5060
4409
8584
10373
7189
12829
7642
16077
2527
4653
4134
525
4302
485
13964
10406
780
9349
8710
10978
11658
10357
15851
2590
4727
13245
14996
14588
5142
10233
8028
15713
2504
13264
6684
278
11293
6369
4723
11314
6697
3033
960
10047
3843
1315
617
13387
15458
4747
2263
7931
14682
6735
7554
11274
2856
9197
6475
4658
8136
919
817
16192
12035
10999
4329
3119
15571
1274
12803
351
12369
13584
15718
15874
6154
14817
1484
10141
2684
567
10775
10683
13567
7325
2132
13359
3769
11221
5441
6858
14080
3298
15031
1471
13408
9098
14063
13855
7221
4727
2739
12567
14700
4959
12665
8298
14940
2920
10458
11541
10558
4131
4026
10350
7046
6656
1524
13925
9856
13911
11895
15862
6077
5502
5560
15272
6470
15333
15191
14130
3606
9274
11397
14214
12711
4255
2965
158
9604
14209
221
8890
5995
11026
6121
1383
3246
13000
8386
3317
16132
6949
2864
8775
8628
10606
2837
7713
6569
14255
16170
3593
6184
8574
2365
40
9511
13754
13760
14057
8164
11131
6463
5833
4047
11930
6547
11560
2731
215
9638
13309
2652
7995
10112
10276
6958
11129
15947
8255
14149
10729
15394
5262
1285
5599
6250
12293
14542
3421
5388
15955
14560
2361
3723
2245
15760
11897
7977
11542
3947
10101
15557
3811
14847
12661
15753
6108
16151
5753
5366
8944
15835
14468
8385
8962
4189
4007
14051
2455
11343
14504
541
4097
969
9460
14840
2538
7081
16299
4393
7593
15856
5456
13428
3533
4974
12453
6668
7752
1448
2605
2819
12602
9914
15146
12239
8779
14497
1312
11981
12468
4585
4442
1893
1229
8136
11737
9160
7282
356
10090
9940
1706
13873
12913
7876
2441
2712
16048
1493
13442
3103
4736
13175
14059
14800
6275
14922
1331
5347
3696
3307
8202
7398
9233
2785
8104
6168
8042
9283
14510
10653
2117
4618
14570
3154
9140
6100
5263
11674
3946
4904
9795
6606
14202
1268
4036
3840
11935
10086
11939
991
4738
73
4903
14435
10516
3828
1064
7776
16084
7558
6317
12175
16292
9466
10931
14598
723
11026
12201
14235
1897
4404
6565
8925
6164
11308
11885
9797
8250
14737
1878
3451
12525
12370
401
14297
5896
13953
424
9752
13350
4782
7422
14348
9393
4643
4928
5711
8884
3358
6249
4710
15213
2695
12409
1938
14307
11921
2157
8124
2301
2437
2818
13312
9957
15438
15041
15596
4675
8447
12079
4861
13265
12589
3995
9836
13202
2742
1497
5673
12659
4689
12433
4389
9498
13193
9643
5674
10270
10275
8231
3700
12430
1143
9318
3595
2370
5802
2237
6671
8647
14335
12967
15024
9400
12270
9832
2148
8022
9495
11252
6249
9802
12589
9581
1904
11208
4522
13456
4021
6270
226
10364
4396
4287
4990
8579
779
7043
2054
6950
10495
7235
5940
15306
11668
5659
15179
11588
8780
15997
1713
4969
8114
9111
12057
13432
7366
5894
5981
8058
4271
13154
7099
15001
9490
13983
10376
10472
11856
7203
13979
14504
14306
2366
12234
14724
12980
3655
6658
12751
3887
15658
11608
2386
10775
16001
5596
7446
9972
14728
407
12982
13892
8726
4586
8465
7882
13040
12332
13285
5493
16184
14461
13671
16025
2103
855
10201
6333
3878
11313
10265
13174
4087
10774
11925
7606
711
6398
573
6325
16288
7719
3119
7341
118
12397
3274
13791
737
7465
6457
14528
8170
2704
2064
8517
5208
4092
11882
1350
7943
923
15519
10633
14424
9903
5497
5622
8620
7522
7617
5675
13344
16206
15084
10443
8632
8427
15878
12542
8017
10599
11592
4314
99
3563
4296
14167
5243
9147
9617
7437
1553
10282
6139
2066
8961
532
1379
12621
1958
3148
15704
2382
9915
13039
8785
3916
12527
13664
5432
14843
4997
5012
5608
3109
798
10933
15130
1667
8106
5059
6705
5038
15229
12012
2428
15104
12526
4506
4831
753
2690
4213
11160
6738
6953
6926
13194
12782
8875
9137
14418
3153
987
10562
9787
5350
10201
1643
5346
9805
13650
5368
5024
15226
15986
112
3126
5763
15978
8283
3670
9215
12803
3919
183
15078
3220
2638
9971
3328
5694
13725
5476
2782
979
11809
11886
1473
13119
15186
642
7506
16076
1570
123
14625
9950
8295
3194
6221
985
8953
1229
5833
8193
1972
4263
5704
5557
1038
9714
1148
6414
6355
10567
5576
12240
3786
13103
2363
6712
1513
14865
3678
3049
910
12937
7634
5099
11205
5813
358
15710
1160
9880
7240
4480
8600
11308
15598
4888
12478
5260
10296
3725
11409
5320
550
11848
16078
15012
12036
15984
2381
3363
13284
10995
4007
8674
8375
9022
12561
1924
2273
14466
430
15671
8596
5889
6240
14003
12752
7856
15518
4645
963
8221
12126
7144
1981
1918
11596
8314
13036
12611
14694
11227
1407
7480
15819
1636
13063
6759
13116
6037
15550
11252
11415
5518
13222
6840
11605
3697
1012
5907
1281
5603
4638
14383
12154
7124
10009
4382
10424
821
1214
12837
10500
16286
1590
12719
5528
4064
9418
14385
10343
75
11136
5784
4589
3515
13472
2553
14074
7936
15318
12372
2107
5338
7736
2087
12337
12698
12127
9165
1526
8549
8471
789
3714
1933
1218
14997
2568
2224
766
16274
11864
2545
1672
14717
15663
14761
10867
3718
929
14212
6496
5790
4131
3291
13490
1802
671
9758
10245
11973
15949
14078
3591
7385
11513
840
126
6527
12172
13261
14707
6925
15510
6755
8358
10569
12220
5903
9331
15652
4226
15444
6103
13137
15964
4889
1538
11190
6655
1440
16204
15127
16317
6440
3757
3217
571
14575
6422
735
11272
2929
1133
850
14859
547
15936
15096
10021
13312
3135
5145
9837
1304
5653
6122
11539
14378
5565
3616
6956
11361
14924
16201
16144
7788
2502
10422
3442
13703
16034
13204
1147
9803
13538
4997
6198
14144
13321
8725
5950
4652
12878
7340
5476
12033
8444
6577
15452
12883
14518
3379
10157
1305
5537
6797
9480
2112
12798
2894
14182
15082
15559
267
14166
10332
11159
15183
396
1267
16011
6726
7761
4663
7636
1652
13382
12377
7978
1887
3278
8236
5778
702
8431
8893
6457
2374
7196
10503
3029
11821
209
5633
14590
14478
11325
16263
7177
388
196
9936
9318
2380
3183
1190
2855
15327
1896
6465
11821
6038
7362
1248
1077
2469
142
8875
1783
15376
7206
3657
3591
2148
14319
6998
6738
9130
9806
12484
1054
15819
10985
13404
10588
2243
6279
13102
2808
4161
2766
15872
6609
7529
14392
15605
952
4088
15630
11365
13183
747
7309
11991
1208
9033
6146
10721
13629
2268
9453
1848
14179
1146
1848
3973
8720
10714
12427
6371
11402
6123
4031
13383
2688
13208
15241
6787
5337
794
6029
1946
8024
497
13896
6978
9747
14483
11133
4773
12813
4842
8311
13034
8850
1274
10625
12910
13558
11184
7034
6047
2948
9401
13863
2289
6063
11499
6990
2202
7152
13432
13274
13000
11991
11984
6530
1077
7385
5351
15261
7378
16218
2285
11481
16298
1885
12571
1773
8803
8993
13825
8409
13013
10192
550
1820
1656
6191
7223
10785
11936
8787
8887
9592
12671
14756
10192
5539
13280
7162
3635
13053
7733
5142
14278
2989
15487
11798
14685
10545
807
13056
3338
10947
9581
5400
1325
8363
6645
2946
7739
6184
325
2684
3558
3744
2810
10237
16020
12310
3590
2318
5162
13364
871
10786
12777
349
6417
2491
5912
4679
3369
2587
12585
2836
10582
8517
12092
11989
12598
10749
12992
8280
11998
1110
15059
353
12241
16374
10058
14023
13221
14060
4516
15474
15865
11221
6748
7636
11185
10828
14293
10043
11741
844
5875
1112
9566
5586
10973
8924
15798
14021
9233
7162
692
15915
12542
11619
14318
14557
6098
10149
1097
3950
15079
9379
1963
13519
12164
16117
4640
5374
2147
11027
10710
10143
4510
4586
6458
8621
2724
6522
2535
4681
7245
11631
2075
7136
15300
12042
6567
9021
12325
3502
1799
6007
15086
264
4174
6186
13407
3660
653
4379
176
13178
4701
7976
11422
2553
11306
12828
5091
7314
577
14344
11403
8832
7748
12022
10945
10414
13994
4609
2586
14186
13654
14381
1259
6201
15120
509
35
13399
10773
9599
12555
13458
1741
5528
1859
7204
3224
9621
4209
11631
10974
5414
15799
8891
11108
877
9082
13626
14387
10699
13783
15671
6103
13206
10436
1991
296
2495
12725
13505
14411
11202
12032
3957
6677
11394
11254
14497
16059
15882
13962
2422
2224
10819
11458
4582
4491
5483
2301
14803
212
6876
11330
4566
11571
3803
8910
3322
14154
12820
13271
13808
7179
1962
14152
278
8125
2794
12790
11648
3951
2153
15175
10647
11591
13562
1350
5362
11322
1823
10500
793
9548
3496
8895
103
12747
634
5482
9710
5510
9974
1685
2751
11093
8201
3408
10165
16304
662
12122
15513
12143
11891
9670
14662
1053
7920
16288
10323
4500
14053
3296
3634
6500
5719
3243
9619
6519
5134
14050
3870
3031
1788
4349
6924
10176
11294
15496
8140
13519
1961
4487
5175
9626
9628
13252
8877
3959
820
13252
15679
1125
6690
11276
4173
15308
3960
526
10677
3089
3219
15301
7834
5713
1304
11939
5069
7344
15706
12622
9058
689
2819
4538
14346
15112
10633
15895
11585
10303
13465
349
13126
7653
1683
14614
3040
11152
11720
7780
2272
331
3259
12317
16328
4647
14062
748
14362
11640
9446
402
5163
14052
12345
9542
12459
9692
6594
424
11894
3177
1881
1147
1692
14049
9384
11924
16098
13376
12276
7295
7284
6536
1726
8637
13289
9
14352
10343
3378
99
230
4954
13412
5466
13112
2285
6027
13464
5107
9222
13505
14141
14312
7800
13523
6296
10608
15119
9160
4116
9849
1492
9817
9835
10480
11277
4594
9745
5936
8859
14088
7646
1281
9409
8452
5125
15586
15919
15220
2724
4111
8832
10350
14557
14890
10121
4615
4879
4573
4024
14506
7988
13867
12608
5504
7572
7246
7502
14122
9551
7263
9873
1838
10469
5548
8931
5420
15248
10659
9528
6815
11205
5930
6998
15483
10975
11463
7744
5757
15657
6854
8433
4007
318
6088
10846
4584
6638
3991
111
13538
5722
159
2802
1795
13847
7992
7291
5483
3789
3821
2321
11836
6136
8250
5750
10330
14324
878
14662
4209
4807
912
7146
5828
14618
11133
10804
6114
10106
5063
11905
14093
3441
2697
10231
7933
8948
3456
9218
4697
13910
7918
5745
15036
11161
12974
15993
11141
6180
11753
12230
6590
10230
16339
15524
6246
10504
3700
10363
5606
7870
1458
6522
14105
3960
14922
8736
9405
4881
8346
10980
2974
7477
11693
11535
14830
6020
4503
12344
15154
8432
13894
12773
15954
9177
9424
6990
985
6447
10555
4681
2907
11023
12304
11813
3225
4378
951
4634
4578
2416
5228
14306
12293
7766
6425
4764
12752
4307
2609
9772
2404
1508
965
16078
3065
8270
13658
15429
2967
3420
4465
8566
12308
10765
2553
2262
8927
8427
8754
16332
3783
4432
14914
14408
136
8009
11275
15132
15159
3282
6780
1629
3225
1816
7738
10636
10048
13839
15148
2222
10881
11225
7158
9167
1923
12593
8616
2914
13165
649
14959
1333
13935
2326
8158
15232
5104
8040
13005
15135
9986
9926
13557
3224
1532
13434
10264
12014
2831
7700
14979
15780
10736
7035
10861
14616
12435
1826
13551
121
4384
42
11285
5943
1242
543
5697
15089
975
15636
11575
717
5605
1949
6482
556
14770
11881
6175
5514
7884
10332
12584
11552
11116
7453
13724
622
13977
7871
7531
10360
3748
5288
7897
8905
4182
603
7395
13918
3221
14665
2656
13205
3655
266
12396
12145
1302
6813
3636
3854
3867
6785
13939
7896
1110
6498
1548
1179
14588
3144
6333
797
1854
4148
1529
11477
7211
7822
9563
820
8929
10588
11132
12509
13560
11234
11339
842
15934
6217
15095
3579
13568
12890
7909
16184
4443
12004
1041
5056
3961
7274
3831
15274
4112
9940
10328
2864
12908
11434
14718
16015
9251
1849
3482
13146
5997
12930
14130
14019
3432
2180
3927
7157
9266
2511
13405
10378
14062
12855
7264
1472
13230
8117
13149
9194
7840
15222
10994
8112
11662
69
3041
13928
14118
8467
12780
14268
8896
9096
67
3917
13050
2780
1297
10746
14381
15555
7707
16328
8237
5724
14958
12745
10395
7305
2021
16117
11148
1591
10770
14814
15912
6229
200
4639
289
6077
14337
15472
11979
9052
8948
15778
12902
7799
1179
1158
11399
11924
3947
4026
4983
2712
1319
4262
11226
8441
16330
15414
71
6510
6135
11865
11116
4069
13580
10163
12710
15917
14297
15233
8720
1649
13980
15627
4726
7538
4518
7239
15106
2841
9080
10601
2456
7198
1756
14959
8686
12769
6001
6651
2842
523
563
8384
10780
9158
12705
5311
5323
3964
9498
5569
5757
1949
9912
14456
3820
4551
342
14928
11080
5478
5773
307
6944
549
6879
1258
12627
7307
3429
4317
11829
14599
13603
3425
7781
15015
334
10856
7852
11612
14127
10764
3706
11725
3225
13214
4176
195
12773
15329
4927
10103
1551
8607
8702
9410
4971
10000
13995
944
16165
1630
4514
9733
13048
431
3223
8086
13366
11913
858
6166
4470
6567
15856
8469
1312
1556
1268
8624
15684
12164
3048
7569
16258
8372
295
2095
2194
9729
1099
3617
11810
9601
1377
9459
13239
4833
14109
14854
11815
267
10730
16035
8527
7058
10254
1159
9532
16241
4542
4325
9749
1315
6317
7300
936
9968
11076
8420
12484
3880
12926
9478
6339
4341
2585
13969
14908
10991
6001
3967
7858
10056
9484
12241
15385
9720
7419
8266
5301
13148
5008
9048
12657
8877
3276
15111
10468
12577
12030
14218
2192
1449
2211
9620
10207
13679
5224
12664
7790
15282
7068
6054
6968
2556
3912
5757
15592
8245
15285
1961
2351
10204
5479
5012
16154
4069
9033
2460
10564
10417
6029
12311
5770
10727
10839
15674
2042
15591
7731
11817
15843
1493
959
3301
2387
13154
5436
13861
5099
7129
8677
11295
6299
4683
13526
8276
3669
76
46
4340
7696
12420
6027
10193
850
13418
16237
1112
3604
14602
2940
4479
3598
3690
6684
12319
2404
7950
7513
10897
15550
13484
10240
3095
7200
11751
2941
667
632
430
15860
2369
10712
8668
14783
7226
9776
2986
2456
12164
10739
10813
11657
3812
4644
9585
3394
2740
6262
6556
8621
3084
1843
2806
12243
14505
9498
8062
9288
12730
6288
4597
8126
5763
5106
7166
15667
14309
9454
11746
12196
12344
10473
5609
6333
15473
268
7350
16097
3369
2897
16262
2227
2186
5978
4654
5723
6713
1040
10605
5763
33
2960
14817
1723
344
7177
7369
14527
3167
2773
1143
1643
10691
10867
2927
10751
8067
14296
1004
11247
14822
9059
11923
10875
9877
3472
7186
1205
6039
2976
13977
6358
12894
2748
2163
30
8503
6035
9128
15010
9806
6444
1969
3824
15487
4275
12648
11841
11728
11995
7795
8860
3712
1596
2805
8576
4245
4013
13137
12789
11586
10450
12704
4754
3265
10049
12175
2240
11881
4014
4601
6204
11004
1593
3325
12769
5241
537
6613
13275
1710
3703
16002
4873
7396
4278
15097
710
4948
1301
6164
15282
611
10702
9331
13060
4439
9509
15427
1184
2977
6966
4995
3627
14640
1626
12819
14430
9574
13335
3448
6450
6078
8166
8154
4514
5340
2063
6677
958
4906
4971
9446
10557
449
7132
4839
3302
16058
2625
2249
11853
15615
6345
5663
12500
14271
6822
15007
13456
16263
14830
10790
5328
12720
8030
13203
11077
6444
1183
11064
12455
12854
6859
12539
4112
1088
4330
2725
16239
6442
6898
8036
15902
1206
11234
11408
14171
11722
14159
1458
10944
550
9019
3841
7967
9600
7100
609
13359
6624
13442
10451
6583
11092
3436
5204
13502
4067
4643
6073
2155
16167
1702
3368
7258
7417
14367
10782
11152
13972
15720
6672
944
4326
7109
5531
7919
693
9798
11606
5473
9425
15765
12318
5247
11711
7886
78
2381
11490
4665
3707
15086
10284
9485
13864
15148
9704
6480
14178
7611
5358
6346
4091
241
14581
8915
12337
1587
11951
7334
16121
1958
11901
11287
4781
8251
8603
10970
14238
648
9969
14351
13685
9443
9879
11050
5131
6757
8135
2182
9097
16263
4997
4890
10561
5065
15824
1970
10062
495
13527
9950
8248
15234
6389
9839
5082
10037
11549
6424
10973
14809
2162
12340
3328
13811
4874
12086
12477
1435
9524
8298
9686
13566
8244
8991
11707
4722
15488
3945
15979
12454
12560
11979
9552
5554
2864
6206
11085
3343
12454
11962
14585
6054
5145
11407
2220
13271
6422
7734
15096
1887
2282
570
1135
1070
429
7577
5949
3885
10243
15428
11376
14124
15705
8193
12313
2988
6295
7755
10354
702
4497
12486
10924
4181
16099
12985
2169
4433
820
6865
11711
7413
1219
10464
1368
245
15441
9043
11513
649
3752
5200
13858
5621
7542
15365
16135
9152
15485
10886
4572
12758
7332
37
192
12125
15617
9555
13256
3700
15342
1238
12563
10521
14961
5918
4577
4362
7737
13782
15414
934
8560
15269
15143
10728
2842
1562
7801
5612
12974
3976
15222
1041
4318
8921
11154
9876
2360
11647
10226
15558
10327
14814
7685
6174
4054
10909
4449
9162
3333
618
15170
16212
9740
1857
8143
3688
11722
15701
8066
13066
737
3971
6008
8669
5871
13443
2463
11462
3496
13883
7550
9262
11372
11075
13670
5673
5013
861
6333
6394
10747
12263
16063
15667
14519
8313
2282
1431
619
3663
15274
7733
3483
13581
3204
16074
6321
1322
11706
4459
2656
11896
9655
5866
10071
11293
15631
4134
4050
7827
594
14863
10094
5176
11807
6014
12296
4131
11293
5428
736
2097
11796
9333
12836
2972
3624
451
247
12261
2003
5571
9291
12996
14901
14454
15021
9320
3153
2779
12816
9038
3336
3021
13124
14274
15881
2689
15617
12790
16004
5648
2993
8784
3440
14624
5904
15203
15418
12341
14027
5900
9772
9190
11438
2268
7664
11390
15498
10339
15016
12876
7099
16011
12041
6331
6534
10972
8906
10141
558
2957
14747
10794
3633
6684
7024
5338
5313
14382
3909
10408
9901
14893
7885
13394
12113
6999
13931
3296
6414
3769
7393
1978
12883
4976
4320
356
13197
9010
12136
1345
9495
15085
1977
6522
4915
7188
4487
618
9805
3263
8961
14703
2650
12821
11987
57
10201
4566
10099
3100
468
5621
8941
15915
551
12803
1554
6568
13
14694
15665
9110
11608
5330
2884
6656
3935
7049
9645
2209
1140
11728
3378
4864
2686
4099
122
15258
1534
14559
10324
11106
5017
1288
5715
12351
6105
3039
5609
4880
15770
12104
10881
10653
13025
8412
5605
1077
15607
13154
13215
2591
12628
8450
12685
14361
9775
6590
6414
11725
2158
13866
4405
9368
6551
13240
8833
9218
2954
16252
9302
7440
4594
5183
8281
2846
10374
1961
2247
13648
2353
61
3648
3335
9793
1701
8359
1741
2685
8114
7193
11961
3597
6724
10586
6728
16117
9807
8725
5700
224
11856
13419
1625
13374
3390
6650
4219
11662
3781
502
4818
3260
1872
487
14998
9781
13537
12513
12659
915
1840
7895
10911
14592
7927
10583
14785
5871
2802
16144
13641
3173
13115
4002
12524
8307
5453
15720
4748
810
5570
4768
4531
13585
227
473
3724
2736
5180
11683
4470
2656
14594
10492
15506
1037
13229
1784
11158
16137
11616
6204
15995
11535
3531
6874
14106
13205
2344
4257
3972
15813
15460
3082
15642
945
3560
3571
2171
6063
16094
5589
15318
9002
5991
7957
10280
5697
4593
10192
14781
3894
14309
3305
9324
425
12594
7985
6649
2677
15199
9681
9093
9954
15722
8238
7062
14481
14402
12532
2614
5417
5199
1309
1875
1944
10201
12533
6546
2912
6397
5124
8450
6386
15875
8918
1174
6577
11384
16174
2283
15148
12686
5765
8318
4771
11203
3811
7826
9004
11464
13459
3412
7995
3359
895
13794
1754
3882
2450
9702
2050
5364
11460
4276
6992
8793
6462
6346
2491
15749
2102
14420
4463
59
8738
16091
6262
6587
7818
6947
3582
3764
10899
231
4798
1065
15120
6595
11297
8360
4093
12275
4916
5864
16127
7634
9149
7395
14641
13493
5427
1718
15942
13860
8769
3075
11022
6971
4397
431
2897
2249
1828
12350
9600
8286
12049
12294
9537
12941
9568
12785
9230
12458
3585
13116
12056
9376
4710
6627
11489
11360
6575
13369
10097
4575
4405
4326
3895
3373
14656
5782
12296
8327
6858
13554
11014
9451
10129
10516
3385
11078
1202
9901
3557
1966
11032
773
2096
14760
8154
6547
6971
6722
13926
4119
13839
14179
233
12936
1447
2019
6212
9533
11739
15967
7756
2080
15624
11541
10961
8356
10426
7160
6892
15671
6170
3138
6475
256
7156
13253
9159
4210
4078
10970
15948
10014
11361
2501
14235
16009
4853
2432
4714
3001
5118
12944
6253
3269
2613
7541
5762
1193
15869
12453
1911
4190
8990
11405
10938
7627
398
2764
12978
8719
9891
5723
495
3474
16212
9117
13707
4225
2873
11404
7062
3517
6951
10764
5139
14805
12519
10508
9926
15719
8693
11640
13344
11661
13667
15303
7147
2101
187
7841
9238
15687
6957
2425
11259
5017
13440
383
4712
8412
9538
11479
7706
7465
12126
775
11325
15305
14307
4180
2728
3660
4835
2037
12701
1460
9043
43
9676
140
14886
8369
13407
9887
12366
8312
14612
15530
9598
11783
6765
3856
2039
10800
5010
10908
6727
12540
13585
8177
7108
8416
5169
13211
12131
1609
12421
6557
5758
1129
14789
3849
1173
2757
10086
8926
13849
6161
826
6965
7050
2365
245
6095
5238
10913
11524
4058
7250
10626
9398
3293
7615
2537
6490
8570
2175
8845
9531
4497
5285
10957
13462
2799
431
14157
15945
7302
2774
3180
9565
9336
9927
3465
11795
10363
2293
7636
1202
2102
284
10107
14303
6333
15880
10336
3063
9028
3479
14332
7404
7060
13765
3095
267
11292
12018
15782
14193
5641
6987
12303
10966
14084
9062
12149
11475
11248
13788
4364
12595
8961
2967
6888
10350
9492
5605
11269
4347
924
252
14155
2691
12196
2214
8088
12663
384
8207
2375
6059
12572
9880
682
9681
15654
2077
357
11211
14216
12623
9873
5243
12885
3
13104
13987
3876
6114
14649
15115
1225
8418
5666
4993
6587
742
11274
3430
4300
4337
14839
9607
15798
10128
8708
1614
14692
11259
1485
15867
3151
2187
6039
14514
9542
3928
4887
815
6571
3811
12561
9549
4105
12220
751
14762
3985
15641
15310
2412
6135
7591
11921
1428
6396
8469
7045
10936
6872
9422
12561
12611
13288
1155
6922
1831
15947
1723
14356
8473
11135
11707
9085
14184
2203
9834
3930
7615
9828
6622
12682
12765
5347
12445
14861
15540
8646
9992
1103
12326
10556
13938
6131
2245
11613
12032
16140
13607
3893
9868
1906
6014
12195
5363
5633
1853
7926
6879
15229
14145
15858
15267
13686
13592
8795
6674
1902
11465
3596
12
4667
16235
13945
2865
11358
8295
7944
15454
8609
3486
10147
890
9235
12179
800
8070
4096
5250
11623
4657
2887
14877
6393
631
10552
7696
7016
4745
14419
2216
4807
6327
3769
10661
13615
4094
15963
4068
6487
11991
5157
1678
5689
7335
5760
4245
11315
5062
7595
8542
3421
14561
6969
14207
2669
13067
3843
14730
12999
7129
15961
12023
15042
12540
14964
13938
4005
7077
217
4359
4730
4795
1154
4110
15516
12242
6012
8171
1832
312
15893
8200
15036
1788
5748
10891
12616
4934
7054
13018
1486
8183
10320
12310
12386
10692
8776
8658
9023
3972
4142
11959
14233
9474
7571
3319
1301
8944
14995
13945
7189
14828
15039
14891
9488
6518
7357
1287
6300
724
10334
2949
15627
5872
16110
13461
8189
8683
749
3433
7306
9443
8957
5121
12542
5407
16192
11838
16171
2729
11086
6977
8932
2925
506
14203
4921
2678
8732
12225
2809
11296
15801
6101
7520
9916
7658
12779
5109
13987
13196
2192
1124
12177
8466
2224
11896
11950
9899
3077
14674
8466
7553
3516
13815
4205
2787
12630
12347
11217
277
7349
4904
6629
6734
13360
2532
12827
8173
7827
10096
13617
12430
6740
7105
4682
186
607
15940
1323
4450
12459
4163
15973
11352
16184
7848
4207
76
13138
4467
707
5506
11276
12025
7932
3510
1255
7058
15167
3065
15361
12178
9242
675
5547
14665
456
5954
6414
7164
14789
6251
8791
7945
4640
2900
2375
4343
6757
9652
5855
16234
13923
13635
183
14562
7498
1760
8806
7869
1662
9349
14481
7048
6207
1531
15779
15210
6923
2674
12090
11482
11046
2353
16039
7115
3266
3519
3724
3807
1270
8164
1462
448
4186
15317
1392
1160
3551
4070
12407
3666
2104
401
15867
4109
11532
3266
12088
9373
10754
12181
11033
15884
11611
693
3144
12741
10067
15617
2365
13419
7651
9189
14256
1521
14710
12871
12076
9198
2988
7894
3319
7117
1957
15732
10311
4874
9895
4204
15897
12812
2854
11214
4673
10020
3093
10983
13433
12115
985
683
4722
1425
12631
3449
7977
4667
953
5173
8295
7713
504
13005
13205
4662
5860
11022
4064
15841
9559
8757
2933
13679
14517
15898
708
4341
9492
12540
9905
15176
6126
5749
2832
15432
15605
4355
10368
12895
16302
13888
5367
5280
3385
5259
13088
5636
13968
4928
4298
15528
14310
12232
2481
9258
15331
8623
7775
9634
9566
8961
13213
8135
7379
16277
4939
13342
4154
3578
8108
7615
12665
15239
4875
2106
8349
2456
5093
3576
1060
11794
16142
2439
15385
8398
14500
2871
14705
5761
7354
14513
4441
2928
1731
15428
6299
9933
3129
9152
3547
10610
13077
185
10481
13814
10586
12653
3041
5597
10660
13584
6746
3845
12199
12
2819
13103
6145
15734
8764
2901
3387
7066
6628
1314
15836
4464
8513
11346
1270
15412
89
353
6807
15311
8438
8733
4189
8761
14094
3718
3217
12255
9851
3898
3306
15285
1449
11278
15222
6842
5755
3189
15714
14524
1889
12766
14331
7178
7761
11640
5494
5927
2379
12934
42
6901
225
146
2725
12173
9937
5770
8320
11800
15933
9392
2206
6763
734
15487
9063
12208
1841
2525
3641
2680
1334
13695
13938
16300
3625
13446
1900
11459
4274
12981
14743
14982
5052
8489
7638
3571
851
7305
497
6918
11404
14865
12500
15772
7317
9875
12619
3560
8218
6493
4052
3678
11427
344
3071
12908
5755
6625
6031
15094
14860
18
8315
13582
3162
716
7999
14702
11879
16259
14270
5262
9739
12740
10080
1514
9797
4969
8191
2158
12271
14312
5186
11344
11329
10685
5862
14124
16336
9350
5632
11547
6074
1059
10607
608
1561
6982
4930
2359
12605
10775
14597
7585
14337
4897
10372
8730
3901
8981
7685
3453
12524
7957
6200
8038
826
15011
13101
7275
2434
8183
1763
13202
4772
15840
10184
14507
11300
3453
9928
11381
5674
14008
9241
13275
11482
4874
8552
15125
14148
5144
7609
6119
2020
13991
10770
13940
7503
11670
15792
13605
8799
3832
6878
11254
15462
2637
5986
1085
7514
8480
12743
7684
15780
9647
2631
15317
15394
14070
10007
1352
2969
8374
5563
3738
2028
3570
8669
15164
12254
15536
7353
16256
1557
2394
626
182
14510
7410
15039
1704
14427
11999
4206
10628
8608
16112
6033
5753
11970
14199
12286
10293
5729
6466
14247
13604
10794
806
1253
16066
13074
11756
14228
950
8422
4209
6322
2903
15164
15259
7331
9245
11309
15764
12383
15891
15501
4964
3825
4728
1894
3174
6836
10679
1798
2298
7204
12609
15820
11903
13517
9904
10284
8910
5185
7240
14727
15420
13202
7524
10790
7362
15705
1078
5123
13379
4828
12767
1932
8831
2689
7459
4336
6282
13519
2402
3992
13219
4793
499
13899
9345
12821
2894
12727
10839
10825
4221
11546
7568
11416
8299
11394
7312
12403
14302
127
1757
895
6563
704
13404
16138
8413
10601
8408
9755
10955
4524
12885
5784
13160
5904
9229
12256
11818
8109
6999
3752
4341
15007
329
12892
12818
4379
1812
1092
6049
13354
12192
1039
11478
6178
16296
1940
4672
14335
4229
5713
14008
2060
2136
11919
7943
16277
10387
11429
1672
6574
44
14063
5893
7056
12741
237
5503
4288
9560
14435
12428
488
121
6973
13982
12426
13257
8217
13650
15873
1162
10783
10668
376
7438
12208
12804
12367
15556
14193
11758
12234
7236
14197
3604
9913
8454
16197
9306
13038
15502
1585
15182
11419
768
9293
14215
10228
4050
36
11619
2340
3081
14986
12774
12393
9551
5055
3633
11629
5459
3637
10019
6181
9443
16014
14183
4428
13938
10324
14366
13924
1064
12802
12416
768
789
1362
7924
100
13322
13341
3325
7686
1151
4355
451
5167
11555
10451
9777
6706
8386
11167
13942
11429
14758
1464
10012
14880
6569
2620
1156
508
1332
4059
11540
13720
4625
11358
14360
16183
6707
664
7462
9854
14812
4080
4550
1296
11671
10901
13597
8672
15185
14549
11851
12492
2531
12956
11906
5486
4064
9858
8762
2319
8245
15835
6898
12148
877
12903
14709
9906
232
9820
170
5112
3575
9803
1376
7678
12116
10368
5042
3230
12235
13428
14314
6981
12949
11834
9028
362
14810
11974
16289
12376
6710
11256
8294
13754
11240
6570
8214
899
14435
3531
15654
13503
8839
12813
6542
13049
14117
8218
1181
5859
523
13157
12645
7380
15978
2641
15057
3452
7763
11671
8574
13270
5462
7236
4290
10502
9788
3179
6538
6224
2776
739
8181
2600
3486
11320
11759
2842
11539
1746
11812
12237
13826
10150
5248
5193
3461
13567
2391
5912
8260
16370
9072
8870
50
12039
2707
10509
9399
13615
858
1878
11794
11692
9758
8684
15776
4254
6449
16141
10669
7126
682
13599
4432
12567
4236
15614
5308
12622
4974
1693
13145
3273
15201
13620
5377
10200
2369
9316
6922
14246
126
2243
8555
5168
2716
14390
227
13889
7788
13823
9500
2571
1891
13640
8688
10789
13335
13311
5094
395
10514
6530
14155
7311
2885
6037
2149
3708
16043
13757
13067
9735
9206
4452
7671
12589
8879
15101
2777
6075
14190
9544
15772
13910
1050
478
873
8541
3754
1866
676
5719
15476
15871
15281
13925
6506
10028
3664
7371
5398
3854
3790
14750
7871
7184
4871
1173
1314
8505
12664
15346
2762
10744
4851
9705
14659
5830
10969
7967
12276
7896
7661
11685
3685
2769
9541
303
16023
8306
2791
15429
5887
14356
15930
12958
14719
10839
5626
14925
13980
15321
342
5385
5081
4311
12004
239
7231
2768
12344
7956
11676
2560
14330
1749
4572
4856
5848
9210
14316
9593
12185
7815
13642
14745
2312
7540
11352
4601
11381
8729
16161
8340
6859
9421
3115
8401
10390
988
5225
485
8870
14784
2518
14942
5063
9918
12742
13379
8307
7452
10666
2929
4113
13828
140
2762
8447
10236
640
3005
11577
8032
11262
5911
6964
14678
12135
3475
12615
11354
4122
11974
12062
11866
12742
5732
10856
1687
9042
826
166
3082
9317
4329
3873
7612
4384
14061
10090
8130
4479
12512
14915
12747
10671
3266
7373
7809
4464
6213
8028
15109
716
15899
13869
14210
6963
988
10674
446
2472
1235
5614
10142
13384
3985
1723
14946
10855
9274
3533
11139
11727
10685
1892
8159
3830
7867
7544
4682
15450
14416
4259
10293
7854
16245
8785
14240
14768
7134
7058
9020
3172
5532
7962
2868
695
263
13234
2252
16346
1378
10623
8981
13726
151
14504
8031
3281
7191
1356
12381
8925
4350
13288
11652
6830
13281
15127
11598
3516
10983
12273
10969
709
107
13409
13794
3242
11377
13998
4382
2355
4463
3521
11117
15393
2458
9910
13799
12444
10281
4546
6798
1765
15638
8741
14677
2695
7736
7156
7748
14330
1429
3105
15992
6095
14113
11694
7935
9807
8350
7667
9127
6734
661
5725
1249
8093
8678
4657
6759
9100
7732
12343
11956
543
13347
6081
4254
4391
15741
5749
11636
7497
10628
9094
16128
8665
2547
8335
12716
3445
6124
12936
9346
4370
1439
573
6898
4275
10548
1297
9543
14015
13007
12612
10030
6632
3267
1252
13137
9770
15848
8929
13110
9017
14457
14635
12982
5214
15630
13515
150
11660
2648
14658
2774
6981
8881
10670
5752
8006
8353
15126
2960
5849
15548
11168
4099
5511
12482
1942
13942
14487
1437
5158
15976
1528
8314
9415
14688
2103
8698
10050
1474
2767
9644
641
4903
1418
5562
2915
13027
1242
950
15244
6919
2694
4679
4467
12410
10541
7379
4047
14850
2834
2604
166
12605
226
9544
1730
51
16002
7183
11763
11207
7946
13741
5795
2927
14321
9819
11342
15368
3268
2012
5636
1469
5517
12550
11815
11578
772
3033
7836
16124
15553
3423
12747
2549
12280
12484
11744
4299
4836
3216
13762
11019
7580
9495
15042
1936
15902
2128
7659
7706
9320
11099
9898
8557
2222
2307
9142
9306
15333
13633
8490
5029
5812
15484
8795
2013
10886
8372
2459
11246
7884
11634
2800
14139
3115
15908
12481
14288
357
14215
9121
12129
3265
5391
14131
14417
9930
13270
10309
1824
7349
1058
12989
153
13399
3853
14097
3781
10796
1192
4213
10940
10264
14744
3520
687
118
7192
593
1124
14101
8695
11453
12939
7202
10610
15177
14177
11500
2170
4266
7070
5965
16056
8198
7445
5445
4477
520
11654
12748
11985
3567
6123
8719
168
10101
7629
14263
11015
5937
15045
16139
1908
5552
8050
13683
4533
10759
1483
3385
2363
16309
6704
117
2544
11964
13615
15239
14457
12623
15600
10592
15841
9458
10134
7517
10923
10092
3452
15352
5020
9267
1673
12930
13187
7163
7934
6728
1158
1676
573
301
11625
10518
2470
9981
10319
2188
10836
443
2102
12196
5399
16354
1832
2988
3805
4049
11693
3781
3741
1503
14092
12648
6041
9172
7114
12324
15102
11842
9244
9376
9992
9421
8566
5276
7233
15443
13490
13898
41
11629
320
11389
7831
3297
12812
13066
2365
13899
569
13365
367
8992
15476
15942
10042
5263
8338
7260
5772
15905
12676
14228
10172
335
10616
1035
7156
11575
5436
12058
303
8737
10627
8770
6039
6423
4122
11473
15385
4021
10465
7952
15595
7577
15389
4908
10402
13738
5857
11624
7775
8856
5746
3282
8303
14726
3977
16007
8613
13304
6788
2982
9651
516
6182
15672
4701
9030
11952
8828
7500
7516
8157
11538
16249
8123
2677
3562
6758
9492
1970
9417
6284
6121
1697
12740
2362
12152
1802
7608
15394
16223
14753
15486
6001
7328
7772
8532
4306
12160
4792
7343
14941
358
9744
14267
2405
11559
14233
10201
12182
14738
13741
5192
637
14661
6674
5002
6664
11627
9464
6071
11513
10132
9660
3028
13799
14478
13528
7430
10296
8654
8337
8893
8104
2689
4972
15134
5175
11543
3140
5099
4111
5986
6024
5850
8055
15951
256
14298
5367
4405
10922
6977
5807
172
5023
163
3920
1915
9623
9683
6567
11647
1127
5286
15250
4204
10462
10101
15318
5443
3201
9829
9612
4819
8226
3554
15307
7229
1955
4234
5714
4411
9999
2931
14831
11705
10449
10585
11592
12049
5559
11587
11316
10570
14400
8233
10930
6617
9280
12896
8502
3945
8206
7549
2920
4411
5477
14284
7325
9790
1962
2362
4673
13121
14144
7210
5789
5694
11108
3677
6195
3475
2627
5246
14599
16027
1097
3850
10701
13321
10595
3308
852
14807
7678
12014
15272
8309
8486
6286
10440
4152
3754
9207
5628
5534
9512
3855
11998
8917
6381
6412
12381
14065
11115
13660
9289
1068
12253
8758
13890
215
15190
14249
2521
16149
15237
5999
13917
1747
12665
11817
477
14660
12443
14953
8285
8494
11823
403
15178
9255
5319
8195
2831
2494
460
12097
7991
3466
4726
3329
5823
10061
6307
5366
10151
2278
5679
2654
6428
11928
8263
12235
4623
8434
4418
13153
11369
13889
3983
11320
16234
1578
14341
11984
600
14059
9965
251
4342
12999
9154
14709
12895
662
11093
10345
4346
13368
1147
10903
15627
9137
9300
2985
9409
1974
4404
99
10592
6034
5197
13612
15986
15039
12799
5997
5878
15885
414
9233
5019
8533
3623
3461
2092
1260
999
14249
8866
14840
10518
3583
13551
3366
1145
3300
5349
3511
1070
3798
12702
14795
3559
7691
6681
7650
9418
9327
11757
14148
6954
6259
2513
6180
13608
10657
574
10681
10801
15525
4
13435
1489
12702
304
3939
11178
3034
10508
5936
2616
12335
4495
13257
12191
8946
9460
6378
560
7884
5133
11969
2466
524
315
5062
10159
14599
3678
2162
7256
283
2646
7936
13779
653
9150
15847
6139
13835
12159
10113
3316
6031
11606
12339
8237
11690
9340
3827
12708
3375
10102
685
16004
12091
11676
6975
15305
14425
11436
12043
4360
10584
10912
13282
7012
13978
12884
10005
15523
3503
16208
3557
15384
10246
4683
16080
10558
15071
3265
16126
16344
16096
10198
3900
15032
3538
9839
16071
5073
15749
14748
4458
6349
3483
3520
6586
3131
5804
16257
2450
3783
14213
12939
11870
14223
15144
12750
15520
10312
729
7694
14775
13684
3308
7352
270
8120
429
11732
5423
210
6290
7886
6539
951
5878
1173
3201
5170
11251
3858
15131
8009
7683
491
12791
13074
11309
12971
12977
15669
2636
12055
2638
13227
14777
4169
9907
3451
10181
469
4034
6424
14366
8595
12693
13777
16303
10581
1780
8964
6112
13344
2945
7675
6057
2003
10744
11945
11291
10317
11620
8037
2714
10508
513
7661
11718
2898
2200
848
6676
15756
6981
9335
13480
14745
12791
6166
2557
7613
210
13005
15378
4527
1879
4774
13172
6619
1627
14485
13455
3053
15365
1371
2455
1999
11643
10202
11311
10214
11574
10173
4552
16098
9022
702
1743
12855
11764
7012
4037
7218
9805
2370
8488
13506
4048
5116
13016
15582
924
14024
3898
3647
1797
15877
1682
9706
8315
9647
15137
7069
13890
15211
12670
587
13787
10488
5637
319
6577
1293
5921
15689
12044
9653
11749
16269
12030
4233
15543
10086
12919
959
8109
6889
356
5081
12082
15061
11461
8602
13235
4211
8983
8285
15832
3617
3067
6054
7109
7234
13702
12299
3061
16201
6445
1303
8877
14076
9294
9350
6620
5555
4599
12959
2723
474
5809
8543
142
12822
9592
12267
4263
9724
11106
2618
4229
10361
8223
15355
4434
16221
6308
5244
15009
16060
8499
10401
3229
12434
11359
13167
3878
13769
5273
10504
14981
197
3143
2427
3623
4836
9914
14864
10234
10294
5307
6120
6546
14203
15246
12968
16331
12705
13328
14678
15017
13627
2600
3976
1924
1232
3960
7476
15301
11260
13402
15585
6611
13730
15759
2560
11599
4331
11827
1124
15370
5982
15572
8805
8539
13729
4984
15912
11296
1449
13512
294
6948
9053
6868
1915
15537
6117
1601
9309
13693
230
4359
3374
15574
6582
7510
13348
6948
2417
9194
7219
11190
9091
10772
5261
13619
16259
15933
7849
11922
7068
1119
14552
3747
4531
1632
13608
747
9134
12253
13489
6532
1399
12639
13745
3693
2703
1848
14879
2072
4057
6945
11074
13503
2833
7709
2235
15646
8963
13866
8780
3326
13266
8642
9196
11332
15796
11839
825
9513
10850
10601
5457
6016
1326
4273
11850
12923
15769
14091
12076
454
8912
11577
12061
8720
13022
12180
2785
2431
801
6494
6403
9541
7946
15276
9056
3410
5242
1049
10515
12944
218
7625
2648
6347
12120
794
9672
3223
13655
12573
6211
11420
1113
5551
4955
2464
15907
15076
12175
5813
6785
713
207
12475
11063
10705
13088
12792
7759
14747
9217
3977
16338
4026
9078
1831
13662
5357
2028
14654
16356
13961
13211
2941
12305
10817
11657
12924
1032
10189
3300
9506
6664
242
13213
14947
13374
15564
5592
122
4413
3232
8904
13034
6589
14733
943
14672
11008
12625
11372
11762
9336
12890
14370
3975
8756
12826
8729
13519
8463
15363
12105
6269
1995
14086
16072
12732
16180
6353
1634
5445
1280
6042
12090
4400
16204
1959
13256
12668
2500
7586
8083
732
14258
14650
3490
15675
8476
3787
16045
8594
5112
13379
15132
1867
12570
10113
283
12567
9412
4912
12370
3284
15727
9412
3004
13860
3601
2959
1116
3706
7709
23
6347
259
5417
8959
2142
5143
3185
14692
6948
8859
11640
11065
8645
13180
3258
21
8584
6209
9791
4765
10739
5966
4157
4259
13637
15293
7792
8060
7294
8029
15046
504
13623
9996
6439
9403
14658
15755
2617
4158
14893
10717
168
6250
5011
10515
8043
7158
13062
5446
9373
10987
14623
15596
431
9861
8353
7636
430
1433
395
7581
8661
4852
16001
9351
6013
9858
9795
7212
14116
1471
10973
4193
11228
3895
273
13562
1105
8663
8667
11921
7273
6240
1029
4802
1262
2988
1637
14456
14709
1946
12264
418
21
12927
11667
8120
8036
13301
8809
6602
842
5270
6501
4362
15436
5953
11422
15601
939
7972
13134
4515
7495
10563
5546
6699
7703
10586
14268
456
10490
7737
7558
3700
11603
1341
4381
3926
14858
3489
4981
14816
12177
6282
16265
10209
2619
16141
12567
2069
5255
7631
12869
10725
903
12026
12317
8126
12033
4906
6645
10922
5993
429
13708
3076
7282
2373
10627
10744
6880
11324
5760
2744
14469
3399
9421
7714
12492
12468
3911
11349
10192
12707
11651
22
6775
4174
8352
3685
10890
10840
9411
11207
922
4038
1324
4306
7000
12884
2063
13735
11814
13777
13196
4632
452
1577
14300
7612
626
5987
13458
14763
2100
3690
2968
4553
16296
15285
5115
7712
12409
2690
7315
12823
8847
6380
14759
12108
11813
817
9002
12748
9680
179
4441
10085
11554
12386
7477
8897
11941
15170
2682
3233
11174
7523
886
5065
5323
16168
6410
2830
7321
1938
1849
4063
11254
6126
2799
3985
10958
8650
7807
12841
12188
8650
9146
11260
6016
10338
14053
888
3778
1559
1835
14303
4994
1334
14707
7863
6234
3858
11814
14232
12644
7692
776
3165
11814
12848
13460
1501
6026
5729
12275
7787
1019
13389
5163
53
5956
1916
4389
12789
14437
13211
4874
813
7487
6910
7788
10631
8583
11297
4660
373
7214
15623
13194
3834
12757
7968
1288
5073
13001
13901
16279
7273
8779
14561
3820
13264
2095
13662
11227
12374
1583
4132
6060
855
11829
3828
921
1101
3848
7154
1737
11315
6704
13026
8329
4739
15367
7257
6825
4235
15887
12702
1062
3000
13838
4512
8969
10981
5477
3442
14483
7150
16285
7859
8144
3734
5794
16361
731
12940
6445
11955
6228
13423
1756
15707
13830
8152
9053
11599
10236
3669
2818
15049
7612
7587
11841
1801
14130
6051
10354
2501
14494
5015
1740
11097
2451
3370
6585
5847
11342
609
9456
1879
2165
11104
12658
2326
12487
14711
7422
14399
15381
16131
8964
15081
3278
3646
8444
8914
13388
6380
2946
3141
1790
14350
6581
12693
11620
16169
13458
12580
13421
12276
6841
8802
6716
8265
7319
454
1167
9487
16006
346
15753
1366
2040
3590
8400
4305
3079
11915
6637
9954
9712
8423
11198
14731
1383
15887
10149
11185
3561
8740
1920
4445
4263
9072
10535
15431
8905
5187
3945
11057
8124
4877
3492
8260
994
9738
13938
10057
12294
573
4031
15096
9874
7076
13869
5844
3273
8643
15002
11973
953
1581
12835
4631
8875
6670
12305
12052
1694
5955
9477
12567
5436
398
5967
2963
9471
14241
8218
6361
3359
2561
12762
6415
14021
1262
14918
2943
3366
10074
14521
4448
13030
15188
534
150
7405
7392
3158
9444
5244
15746
11719
8462
12306
16266
13355
7645
2129
1546
1877
8537
16108
390
1463
6061
7212
14229
5949
3109
15269
8929
15771
4005
11896
4320
8673
14563
9493
10468
15414
4147
9900
14411
14076
4491
9889
14873
2613
5893
7283
1562
15656
13149
5633
14136
3665
4239
3853
11542
7834
11765
13082
16087
15715
8893
6996
13913
12246
10992
13605
13938
1710
12986
6665
6533
9779
3802
2800
11659
9922
8406
13341
6824
919
14264
15518
11335
6546
5795
8684
8957
7299
13165
13316
9227
15265
2379
9555
12518
4511
7976
12019
803
13811
11308
72
11257
1660
7264
4605
7631
9900
4396
6047
14431
10224
14304
164
12363
9383
1973
13375
3199
6690
8391
13541
6846
1333
8781
11253
7609
3948
7557
4779
15038
14465
14698
5937
11206
14058
6939
4630
3724
6560
14300
4915
578
906
14902
9052
5535
3342
13440
463
15311
12771
12152
6708
7488
10535
11453
4424
5844
7623
2773
6533
2066
4086
8781
7605
7886
12443
10892
1641
9544
847
8580
3168
6690
16333
8007
7792
2640
15072
16218
10007
12694
11610
13857
269
15987
1550
14079
1984
14345
12449
1842
10062
13727
12098
9632
8642
4888
3353
12840
16127
12060
265
13916
15245
7539
12945
5274
3676
7701
449
1017
7805
10049
2488
13477
5778
7184
9458
6972
15515
10281
8214
5704
1782
3709
3205
15015
12808
13461
11143
9373
5060
9501
10366
10181
11876
12829
12774
12402
14311
13134
8411
5744
11671
13041
11650
15487
661
11623
6459
16384
2986
7708
9969
506
1367
10521
11162
8058
12172
12288
14064
13358
60
839
10230
16264
12632
13416
9295
7893
3752
5341
3035
6198
14116
16093
5414
2009
1548
4369
14789
7817
2114
4885
11200
15772
4625
3163
12613
921
13727
7364
11647
5381
12544
688
1562
16169
13953
11949
3731
824
12414
5740
7431
11830
8064
15701
9128
10881
5725
5619
933
8345
12202
1509
15256
766
11624
3275
1837
13770
14504
9407
10516
16111
9090
1243
13519
15078
15434
3323
9861
14779
3021
179
8235
10928
5190
11869
5291
13197
5217
14143
9214
3143
12592
9824
529
506
8267
14553
1733
6058
6772
5801
3289
2635
6913
4809
3676
3441
4070
15651
9666
9907
961
5744
11033
3004
4989
15496
12097
781
9440
13281
16141
9170
6791
12398
16260
743
14801
2532
5153
14432
15998
2645
13351
16306
16216
2627
636
7441
8935
15335
8137
11178
7188
12295
4343
12429
6135
10162
2626
15908
99
12334
9534
2656
15992
3703
2186
12088
13704
10970
14350
14518
10476
7473
11720
15690
10652
2117
721
2223
9751
4198
7266
10495
2924
3369
11145
12604
2276
8611
14909
15283
9380
484
1305
2615
14250
4987
12983
14709
1360
8101
15727
11997
1756
10552
9388
15362
4733
6480
3748
13427
5474
15196
10231
15895
9364
8126
8620
5328
2222
2809
2110
2183
10347
3739
5036
12396
14103
7295
14993
5997
12583
16366
4552
13056
15493
8698
11967
7147
8857
12543
15274
8990
2265
12049
9406
5706
15656
3584
7921
6614
10999
15689
9284
9286
7732
13456
8703
3646
13549
7845
6715
4791
9799
220
15116
5076
11724
3670
7477
1189
9805
4963
8669
3340
11180
4350
9228
2194
10089
4769
15131
2258
9371
578
677
16021
10551
10244
533
1300
3183
11645
15764
8193
13843
16099
13771
5259
3287
8171
109
5213
10982
10177
3916
3271
7338
3927
3055
5172
12560
10879
6336
12813
3195
8115
4680
4838
9678
3921
1895
1525
6090
1320
707
13558
5389
15599
4028
14803
3243
14636
694
15128
12307
11907
4067
16199
765
7259
6124
10490
6638
2800
12260
4815
11012
15417
12244
8591
6631
4025
6235
13113
11698
6916
7413
4201
10646
231
2976
13311
3823
12843
16190
5565
1548
2151
2344
7965
4182
2642
3718
2257
3685
9186
12384
10298
16269
9178
7291
5421
12219
5844
2706
1945
4386
14036
37
6445
3661
14840
15581
14279
2195
6655
14409
11892
7382
841
14862
16339
16285
11162
9938
14741
12631
10327
2190
2095
5380
12615
3664
4782
8379
1028
9145
6420
12707
12566
8764
4271
11190
2841
2513
16057
4909
7841
7557
9742
14785
4216
3573
9360
10557
14833
12172
5452
15969
1591
9818
2457
3024
916
9706
3814
1650
4811
7742
841
15839
2062
11328
1268
8169
3089
8553
15416
5119
1640
15393
8683
4214
4111
4493
3053
2135
11561
13339
10116
799
9230
2919
9003
2353
6511
620
14847
3778
4266
13084
13576
14556
6059
15980
10850
6810
11727
3028
1878
2903
7048
3709
9187
9422
15411
12695
482
9548
10371
4443
3151
2014
7149
9379
16274
11548
12680
1992
13980
2539
3442
9531
13575
12830
3779
7576
7803
396
2246
9274
13320
15875
7986
13022
5104
5935
13250
16005
335
1735
5477
14031
80
4491
16139
15190
11368
881
11003
185
13266
13832
4254
10477
15544
226
7336
10418
4754
4993
7740
995
14321
1692
793
8586
14607
1332
3876
10379
11014
15563
6116
7883
10983
11389
14374
15964
11004
5614
10346
8258
6071
15410
11850
4115
12822
1584
12884
3625
4964
6971
8377
4469
12469
4805
14823
14084
13150
8017
14648
5904
12585
1788
3102
9720
14309
15354
4759
5571
8746
11510
3459
2057
3474
12506
9577
11026
6569
5572
11913
3633
11044
12641
4100
2093
7559
14867
15337
13912
13797
295
12693
9406
2266
13740
12453
6568
1226
1840
6161
13309
4605
4146
3805
6943
6202
7775
8369
350
390
16380
6897
10753
7961
10254
5424
16010
14852
9280
14829
9107
5285
6981
5046
5475
915
12529
14161
8591
4748
9866
12083
14038
12102
59
659
13925
15418
10609
8269
468
8513
10615
7597
3607
5756
4086
4415
1246
9703
12293
10609
13974
4801
16037
10627
13882
2653
49
8670
12340
14712
7865
14604
585
8938
9941
7667
7985
1433
8386
15555
16213
4899
7544
13342
11974
7608
10142
1430
15393
8335
9221
8621
8773
2263
15590
8765
1699
8866
1752
14571
13707
6742
11634
2934
4647
14352
10466
11855
11659
9708
10728
8833
15109
16067
14493
1589
15223
4710
12210
9968
7350
612
3649
5790
13806
667
13225
6440
124
8535
16199
9510
13696
2238
8594
11686
13293
12301
2274
4422
8638
5568
13135
8021
5001
692
9461
13850
1971
2721
7124
4334
1737
5276
3939
16174
12241
14260
3699
8505
1317
15886
3536
11108
15879
5923
6506
10583
10623
16
418
6099
2850
15337
14989
3577
8787
3840
12321
9233
9213
15886
1240
15291
15450
2652
14329
5826
9576
4996
13400
8101
327
5702
1363
14482
5243
15762
15933
5726
13383
10392
11995
6089
11572
14303
2142
13597
12468
16232
6444
11105
11838
16224
8529
549
16184
14658
13806
70
10900
3361
13958
601
7363
1757
8912
7633
5470
12432
637
16108
10658
11802
14525
14607
9080
1630
2209
14891
1660
9385
4587
5300
14378
12096
790
5751
14919
16241
4367
12336
14654
14339
14795
7447
10942
2882
8540
1463
4509
9607
4656
8572
4859
11281
13472
9238
10315
44
14220
14641
1032
11470
10724
1540
12617
2518
14525
2414
7629
5367
14016
15824
8233
8095
15811
4161
3365
2903
12945
6373
11591
207
13432
15464
2149
8864
14249
7838
1581
11819
5415
11471
3305
10477
8970
3875
15958
9766
13043
13378
3160
8894
12093
5434
9429
2617
3138
10923
5969
11543
11378
11378
10316
10912
15445
7083
7556
5269
4862
8567
10824
12274
1705
11147
13658
5048
15409
10231
2658
1575
11190
1533
13911
2146
10405
15072
9043
3955
13973
15592
13183
3357
5059
15506
13982
6036
2907
2931
14591
12588
4844
602
5294
14520
12562
7215
11505
9420
12252
12657
2860
2761
14305
7386
10879
14433
9997
14882
2129
1570
14753
14409
15945
15419
8380
8926
14938
6079
1021
5665
2284
8908
6240
6216
8569
5516
3916
14342
12950
10384
4570
12336
5330
12489
8706
13235
6927
2397
11840
6799
15037
344
8312
10580
8406
10807
7345
14885
14057
9679
10890
11260
6070
1788
8965
1740
8582
9601
8646
1994
15747
12807
12249
1650
5324
9547
3360
9258
16090
15143
11959
9687
1454
998
5627
11705
3829
10209
6880
4109
4311
8070
1945
14866
7689
7092
12845
2561
6454
8599
9190
13371
8341
11909
16214
3521
3452
14742
1318
9629
4627
4691
10462
8172
2433
13930
13662
367
10444
1207
2559
7455
6464
5475
990
8921
7533
4462
13190
6545
1424
9468
9077
8235
8452
6016
8909
6493
8990
9323
16120
3604
2740
11996
5541
9942
13804
12592
3469
3373
2812
9473
3125
13011
13010
12863
5282
13914
9243
8330
4864
15258
12726
7736
15194
3732
4519
10599
14441
4226
7175
741
7309
7047
12777
6145
1733
1974
9906
6365
1737
1540
5991
5613
866
11693
5163
9782
1813
15265
11648
5559
4234
7335
12106
6655
10173
14212
11702
4539
16129
13068
4356
12168
14837
12444
12572
8454
13931
13750
483
8286
4618
1449
2516
11221
13655
1873
14529
8132
6940
6530
8377
1828
272
11823
8508
4921
9396
8176
221
7421
9138
1059
12301
9162
3171
7281
2060
8295
6120
3285
14065
7232
6124
5140
3466
9038
5935
2214
8440
7052
15190
10375
4997
13448
15345
7973
13555
13612
12195
4149
2043
4508
12332
16320
14421
6384
5334
2881
14825
15416
7642
14315
262
9344
7725
15979
8502
1683
11919
14895
9176
13031
8794
5129
914
9475
7763
12283
10218
3485
8997
7202
824
196
14342
12486
15572
9374
15770
8718
4628
11856
9236
1266
5891
14534
15836
1875
7845
1541
12026
3389
13356
15594
13183
916
1496
3085
14696
10679
14133
11248
10391
16324
228
15523
14372
561
16355
11833
8426
1693
9796
5867
11217
14355
6325
6555
10982
8189
12875
10381
6630
13635
4284
10658
10645
9609
11130
2975
1219
5827
11791
15448
13069
15533
842
12513
4065
5148
2548
7032
2941
8089
6630
1736
14040
16215
2073
7449
5413
12351
4572
15777
7620
7605
13435
8659
788
13710
11295
7352
670
4296
8386
1662
7056
13399
2853
3126
895
1105
15743
1874
5359
4296
6118
9401
726
2742
7020
14828
15814
9801
3460
6761
4481
2949
4595
496
9252
7415
4179
11363
1046
8963
2038
5778
1383
12212
16032
15716
5369
13827
14956
5840
13291
4652
528
522
7211
15840
16301
2559
14950
311
3928
11657
10330
4251
14135
1277
10845
13572
7547
6376
14816
9624
6787
3763
8799
4428
13772
13184
13599
10074
1781
12482
3374
13219
2714
5660
8618
577
7915
5788
1839
16202
14605
9260
15563
1867
12660
1098
3651
13937
13227
9807
4743
9240
13627
4454
15320
940
7254
2456
15185
11715
1233
13672
11949
4851
12311
13065
14940
5913
5050
14651
1116
8618
4361
2043
15036
2703
6051
5197
1794
13164
966
13859
818
290
15325
3844
15420
14380
12780
11832
3367
13080
6436
6352
2141
14303
4932
11542
13659
1638
14870
5514
4816
12906
15464
11527
12277
8626
5368
12661
10895
16261
4214
7660
14737
6684
14743
16296
6497
3828
14017
6132
11
7555
3465
7698
3610
6700
1273
1049
6267
14982
8454
14448
10432
7971
2442
1638
2592
9031
14904
8546
1837
3010
13346
8082
10772
3716
1272
7248
13924
10130
10735
6569
14947
2817
10257
1956
566
9178
11
3380
7385
7409
1986
974
3267
11754
14
897
4349
6846
10546
6376
12431
16205
10494
16119
1054
13884
14079
3484
7488
13439
13418
13147
12719
15754
12683
9414
9856
13710
1921
14555
10069
4434
12454
7395
9840
11094
15322
14069
15829
3971
2432
12081
14633
4417
8350
3537
6316
3294
8432
385
3165
11808
6487
3466
146
10335
2193
12785
3013
11841
2340
159
15984
2015
7990
9471
5005
14419
8813
5175
2184
2989
3095
10012
13500
9676
14826
7563
8754
5422
8126
15862
15751
3961
14324
14571
8276
1608
1014
11838
9496
1537
2686
15628
14062
4180
8880
465
8250
2022
2301
14690
12700
2476
4183
11539
13565
7818
359
14246
8798
6484
5865
9364
10431
9881
4071
5316
14759
1884
3749
12765
12279
10330
281
6755
3652
2534
3693
9151
12915
3554
6757
7357
4138
725
5130
750
11961
11001
4935
7444
7050
1260
14070
14401
5135
7801
4749
13773
6848
13880
9880
11717
7842
5812
144
14034
6475
4834
10472
10014
8036
4887
9690
15697
399
10140
1956
15479
3098
1062
4140
5607
16355
11230
11862
15175
7277
2031
13396
1325
5232
15145
4062
4416
8172
9127
10854
8073
14670
1482
11201
7350
2570
15300
6455
6488
10158
5789
731
12969
16344
2633
5621
4715
4817
9590
13472
1395
1183
10128
3723
15418
1937
11280
2298
5618
14358
14227
1683
9877
9667
7897
3089
67
11035
3244
2361
3674
2684
11374
12193
12145
144
2296
8877
2510
7695
12897
8959
252
14953
1138
1164
14376
7378
8043
12299
5751
16136
11933
2860
8111
14032
13656
8168
13209
15770
3830
3432
4852
4655
6774
908
2266
9178
10793
106
10355
3111
3362
9365
10285
6001
15711
11584
15529
12660
4040
11717
15696
2540
5023
5046
2311
3787
5085
8711
10043
9616
404
7849
13879
2000
8075
293
7736
9188
8601
13468
14080
5278
15665
5038
13401
8646
5768
5744
127
61
7629
5370
9112
12094
3066
11463
1441
202
2650
11332
5174
147
6417
4870
13310
16272
13044
15093
2580
9775
5445
6431
13758
9313
10106
14110
8769
10157
7106
11241
8760
2893
15960
13012
12655
15260
6717
7932
7823
2782
1955
4467
4892
11550
5417
67
11406
14060
6281
4146
6322
7009
9611
2602
12403
7056
5039
16174
16137
14278
1536
12286
6829
6598
671
1366
2447
958
9226
15148
16093
505
2542
13367
15182
13787
14905
5471
294
7742
14608
5606
14792
797
9957
14800
14551
10773
5496
5480
3305
12692
14578
11360
5382
10881
11599
15049
9466
11239
9474
2396
8569
11150
8209
11747
16168
349
13034
13031
13397
11326
275
5265
15598
13526
7090
3065
8478
481
2993
11599
993
6733
2703
9642
2676
1716
8931
7355
13294
11769
13043
9279
1683
5332
6272
12650
8655
14909
14647
10910
3789
13070
13632
6264
10482
5460
13594
3525
6098
6723
7915
13570
12228
1977
1175
5793
3963
3493
16030
12289
4453
4265
10982
6044
14597
305
12810
13454
3965
5915
1257
1718
15243
4456
4693
12077
257
5008
2462
2848
9346
8442
8355
10364
12796
13270
6249
11877
14534
1965
15491
16272
12008
4116
6179
13152
13240
12784
10669
12742
13252
11096
13295
431
16289
11147
15881
8434
10221
7326
3586
299
1025
4483
4296
12208
9151
8465
14412
10573
788
14655
1585
3644
16169
4227
3334
7134
3419
14166
6018
12555
15088
10641
10608
3026
14987
7120
9524
1192
10828
12333
9080
16341
15025
8344
7213
6250
1037
15367
3767
6331
8158
14899
13152
11949
15154
12510
1343
475
10984
4686
5831
4452
8070
10123
16265
11801
9434
6295
13567
8642
6684
8782
12210
1189
14705
10004
14407
14949
13032
3886
15462
12664
5095
497
15633
4853
9780
2507
2441
8554
10631
15283
1115
13799
4717
8927
9420
6014
5039
16228
15403
1937
13948
8584
1858
4504
4433
9946
12010
13991
15511
3739
5058
2174
14582
7035
2584
2133
16244
14170
7651
12452
3197
541
7258
13270
1460
1870
6665
4615
4518
9132
2662
653
2036
13954
9938
9315
11825
1798
3681
11600
15644
9633
4657
3732
15641
3362
12545
2790
13295
5135
5309
10264
3044
11473
10423
94
8635
1828
7591
9694
14272
12869
2256
5201
6604
5518
6708
10147
7046
669
16323
15063
9809
13595
4059
6987
8825
7499
7307
8248
2957
5804
7986
11541
8345
6182
6152
9806
14950
527
11070
13751
913
15681
2812
2450
1316
8760
11098
4660
12413
14375
6417
6261
13284
10122
12970
15252
14222
13572
3382
4073
12216
212
9815
3510
6839
8742
6420
16115
10214
1649
4052
1524
6171
8021
4659
3600
382
9031
2783
9931
12450
12407
6066
6661
11236
3102
12228
12430
5262
8658
2761
2173
3493
2969
3016
595
1674
7305
9527
12109
2946
3218
14302
4560
5191
238
2623
9634
5812
3652
1226
4577
12197
10144
9631
3993
16311
7758
10209
1031
6887
11097
16347
14372
1250
13823
1917
3935
6968
13327
14415
16246
15456
11221
7325
9644
6878
6410
12567
13155
2506
4073
10260
15344
14995
11165
15083
7458
15893
15286
4436
16157
14624
12693
5115
6113
13058
189
15207
11671
11459
4883
2410
6536
8099
5962
8400
10833
9410
15071
13160
14849
2392
3905
2947
1405
6337
949
318
1465
16184
8077
6490
3764
10744
12662
13206
5373
12694
9493
502
5642
4465
5299
4469
12670
9318
2346
7562
4952
11568
11678
7736
2606
4834
8023
13944
9830
4890
13923
13953
143
7347
11875
3629
8364
10120
8922
16064
7618
7404
13112
869
11197
3403
6618
11751
6638
12742
4690
12133
2786
16007
3806
15019
13659
4966
5104
13466
12677
1403
5978
11956
648
9272
5951
5013
2516
6804
6001
2435
7456
9457
16344
9040
11058
15857
2733
4093
14383
2120
15305
4899
9363
12392
7094
10401
11784
14220
6591
4448
6234
2455
3962
4031
11189
1707
9805
5843
11652
5749
12166
11564
1413
13463
1823
13329
15954
12441
7116
11989
2544
10006
1468
11264
4024
6880
9777
5925
1032
1816
2849
2227
12982
6789
12406
5894
9703
15504
14272
16106
6746
2856
11105
4145
7621
4610
8726
10330
9102
12099
13841
15092
11528
5617
68
11575
2194
15256
6511
10657
2814
9076
12538
16299
2220
4089
4717
6168
4073
9000
2855
15587
12223
2962
1516
14623
5929
3508
13376
5924
1317
14387
7253
7321
344
14118
2284
8639
5577
14264
13372
10558
5663
3959
11512
15707
5614
8463
6803
9183
15348
12334
1817
6563
1380
1581
5136
6964
14289
9417
6451
13952
6638
5398
16270
5381
2323
13770
558
8585
14089
15739
4314
7407
12395
1677
2840
15211
6397
6420
4980
3725
12188
6071
4223
15447
4307
15498
12759
8867
6791
13087
2786
9255
10254
9143
3406
12659
3798
3425
2313
1957
7338
794
6088
8333
2554
14491
573
3786
969
10970
159
341
7298
2805
7835
1867
9516
12180
225
13593
3092
5403
4424
5793
7409
14186
14989
1994
12502
12606
5752
4407
7056
15764
10293
13536
1871
4069
12691
12171
11508
1228
6982
3397
10324
5386
15271
9973
9391
12000
13764
1677
6659
13116
13106
13769
870
16189
8829
4161
13304
336
3436
2991
14667
14531
10965
14535
12328
12741
6536
15525
15204
11618
15658
9686
2319
11522
7993
3057
9662
5516
12986
11303
4241
14062
16001
12994
9734
13507
1318
10782
3078
9392
2322
11743
2745
15257
4770
13742
12033
8296
4250
9563
15752
14460
9
4454
3251
6110
11832
3869
43
13958
6059
2893
15919
14556
1053
492
8491
1912
14168
62
836
285
14701
5000
12096
6274
1169
10349
6301
7347
12123
13433
4293
1183
2866
14438
15663
1623
15032
6635
12057
14642
2438
15617
13896
6274
13894
1919
2326
7104
2253
8728
14064
14668
14902
15777
3605
14614
4897
8933
10929
8472
7544
10999
14363
12920
7065
6844
10976
1502
14356
3511
12810
2781
1688
9718
5701
15406
15977
1644
8043
9488
5991
12573
8579
13501
10306
3153
341
2670
5303
288
12531
1402
2975
12477
6051
12241
15877
8106
6540
7003
8536
14749
15924
6513
14992
11662
7705
3664
11668
16383
14271
13520
1863
2239
3097
5053
12700
5853
14929
2292
12298
12953
3844
6854
9572
10881
11129
7752
10356
9063
13491
2810
831
10773
6701
2235
950
6124
4452
10308
2811
9529
12898
12479
11422
14034
2512
2871
1824
7009
1726
14781
7384
15254
6353
1413
5290
1052
15111
9774
3748
14168
2248
531
1438
2067
12398
649
1353
10850
14567
5024
16162
805
6379
8747
3446
12091
15826
635
14498
15987
8473
1413
12610
89
11918
12104
6339
913
1430
10557
5728
5469
1562
801
13672
6522
14443
10784
11724
5460
2858
1197
970
3034
12017
9141
3017
14654
14466
9553
6808
4000
7596
28
6030
14030
8734
1158
5572
13257
2742
9852
9824
5130
6717
3534
15232
11250
1087
9241
1792
4276
756
13727
14179
3854
6185
14525
67
10676
3530
1100
12746
9330
4513
15954
13356
13083
12220
10891
1355
6888
8266
11786
15756
8352
13005
3021
14560
8768
11072
2932
15846
2820
9936
2585
11200
9156
9302
10504
11917
439
6307
9661
6083
8213
636
1996
13550
7606
13251
10072
11628
9281
10834
9665
4116
9481
12227
2744
1880
15894
8837
7645
11517
15318
3210
12057
9323
11606
7635
1873
14467
3577
7895
4877
10937
12660
11267
12126
11905
4563
5171
6496
8172
10165
10547
15130
12620
5402
827
14223
48
16342
11870
1784
6986
15365
6895
3155
7996
8106
10660
12072
15584
16032
13693
11207
9442
898
11326
10426
138
10816
4810
1202
15148
5908
2700
15894
5735
9573
791
14445
4493
15842
5202
15007
6255
11310
12461
2149
5567
1823
11881
3902
976
5111
12506
10050
13260
1400
4385
8990
14022
12370
2898
11065
10148
4955
10488
14044
282
10610
8615
6721
15476
9771
15420
4383
13446
4137
874
15510
10936
1052
13733
1401
13984
11468
875
4233
2556
2371
6869
2347
7467
3228
10866
8324
5750
11641
476
2345
3902
3005
10701
7651
9549
5523
15505
10055
3108
15460
5097
3732
11253
12114
16023
13996
14563
15994
13064
14844
6290
15044
40
140
9778
14084
4192
8097
14687
11553
13078
10320
12657
2696
4091
1748
10698
8589
9294
1162
4213
13239
4598
10419
7759
1072
5578
6232
1690
5413
10611
15848
40
1319
2777
3100
11625
1250
9124
10663
7925
15879
10259
8652
10171
5488
9227
2326
9697
6830
3370
3234
4781
801
13043
1696
10563
5238
12565
6184
7311
10896
12500
9552
4163
7733
9910
15287
760
8349
14072
12452
5213
9247
14948
578
10052
5575
9771
9258
11162
5280
6496
12206
4243
3248
6530
10903
2121
9207
14603
13514
2293
1547
3082
10254
4746
4828
4249
7335
13426
12843
12905
8956
6303
4329
1581
6515
2941
50
8177
2804
9135
7589
7551
7386
11277
8330
359
14888
6893
6723
14725
4836
1104
12300
6731
12439
13367
5135
1727
14861
681
13686
2438
4353
11193
4987
14732
4921
996
7263
12618
231
15484
1506
249
8823
929
16127
8834
12414
10924
11106
1614
14601
12448
11643
8836
8164
11730
5243
14186
1318
6911
10091
4936
10007
2998
6768
9900
3375
5727
470
5834
9447
13423
10894
4354
16235
11243
15480
9977
8938
7771
11876
7852
12055
8683
40
11976
819
4369
5368
3445
1169
9420
3888
15008
16357
5344
7058
2487
5663
15268
6161
13713
11160
12684
9420
2216
15391
6722
3102
11746
8711
8177
16084
1845
15262
14151
15872
13760
7790
6466
7026
15341
9493
10288
2524
4965
7919
13039
2436
4352
6750
14825
6879
13825
10141
7061
7077
2502
12360
935
5662
15785
5113
5798
5571
4114
13678
9311
11821
4452
5813
13829
14180
14457
4208
14172
10592
4410
489
12969
7254
6659
3005
3149
5002
8154
3354
9374
14140
10137
12876
10623
15285
5021
2720
6998
3245
8909
7657
291
4818
7307
7771
6012
945
999
12640
5053
10629
193
1470
2138
4060
4366
7098
7722
6928
2887
15596
1174
543
14470
6790
5974
2601
2259
2651
6186
1551
4307
11751
4750
15770
14299
13239
997
2234
10047
1968
5645
2550
9415
14586
6134
8972
7444
11026
13556
10254
12958
9011
12316
12454
2231
12545
8241
13589
5524
3258
14903
8407
9812
5248
11260
11437
8279
9039
487
3083
9836
12087
2488
3919
2018
12382
13845
3917
5913
6986
2454
12622
6363
1751
9416
303
11291
12371
12679
2320
12662
15211
8929
299
2938
8835
10254